start,duration,0,1,2,3,4,5,6,7,8,9,10,11,12,13,14,15,16,17,18,19,20,21,22,23,24,25,26,27,28,29,30,31,32,33,34,35,36,37,38,39,40,41,42,43,44,45,46,47,48,49,50,51,52,53,54,55,56,57,58,59,60,61,62,63,64,65,66,67,68,69,70,71,72,73,74,75,76,77,78,79,80,81,82,83,84,85,86,87,88,89,90,91,92,93,94,95,96,97,98,99
109.97325134277344,0.96929931640625,9.205727560022412,8.88985630591815,8.61268951359846,8.502194936579933,8.53718578929325,8.611671491063124,8.659661941477017,8.615249928853938,8.339499513883993,7.57613684088008,6.9536388042198745,6.813138616440043,7.171999356614095,7.6431749300683585,7.797052135209829,7.76698115753361,7.917476025600609,8.252760346317274,8.403494244617836,8.14093658973882,7.5202719763466,6.642867820822764,5.730285676925414,4.996626528213348,4.450205251502716,3.997304122194265,3.555568664799811,3.0964255624773385,2.638756256880818,2.192453747737704,1.7679616762936547,1.384018061927028,1.0564689396430564,0.8101904284444981,0.6355676519054816,0.5192797725595557,0.4275223957670376,0.33111079589177944,0.189080986396902,-0.020911075899064095,-0.31487355080901447,-0.6560212056334441,-0.972696979333643,-1.247383763603871,-1.4871398214046232,-1.7207366138511078,-1.9503392782795352,-2.1882532083133834,-2.415869124315296,-2.60875460186139,-2.764375647823496,-2.9065600219413428,-3.0330067729228185,-3.1377813741856513,-3.241868429648339,-3.3835111703401575,-3.56377488480769,-3.7169126515253885,-3.858525823642811,-3.9569663674445557,-4.02634550608282,-4.084623105772335,-4.169947309217786,-4.275450045916592,-4.208778266100965,-4.032754013107835,-3.8405227820216767,-3.2810330332316995,-2.478635245861665,-1.936416076477277,-1.7220836977881657,-1.4895952138687378,-0.9659444701425419,-0.038349085821272944,1.2838831054743365,2.9327091787066197,4.805909619843039,6.6815352624442355,8.323648677097296,9.580331208607342,10.392218611714958,10.818801200856045,10.958615727495198,10.961267682921607,10.921968497864379,10.86852296339677,10.808484967508555,10.744283226977734,10.659432013497712,10.493816665499011,10.206487651783037,9.827358678535466,9.45157619397172,9.144957998310483,8.925257321538433,8.89312406928593,9.13522643426836,9.576698691460125,10.01461589622024,10.081279500380628
110.94255065917969,0.9589004516601562,9.67503322733727,9.116992127674509,8.782415083176545,8.846723011663892,9.0134230481527,9.140970822033983,9.079987946497143,9.074325363388981,9.003431591685121,8.605974881080053,8.336532510043677,8.675747496615159,9.142137467527341,9.167932922566722,8.911921123394839,9.1153825880163,9.73199491490422,10.036436841533105,9.709930328110952,8.974021783607643,8.134406205783982,7.346225169353916,6.714440801889865,6.238894564974575,5.872882773411005,5.516157903130609,5.119312039029868,4.6603878557822505,4.165217956996445,3.6593732234757996,3.1739817597587328,2.7512212301539143,2.405005867463178,2.1429356411248213,1.934271532809463,1.7561930285601126,1.5742398188833582,1.3774787986372654,1.1492639955970212,0.8935968265971569,0.5929535913828569,0.264461689988578,-0.06158504899022074,-0.3671329239675252,-0.6545542498170063,-0.9142613740325767,-1.142803043726565,-1.3455146370122821,-1.5303657932206214,-1.7013086613736979,-1.8536022220903694,-2.001188586726275,-2.1601595762586814,-2.3212518681450027,-2.4718643663691844,-2.6181259078527304,-2.7972603121137514,-3.026667100392583,-3.2851312818837832,-3.509459607542043,-3.6443285550037907,-3.7512431436449214,-3.8945410281013753,-4.14859996482735,-4.346727402465362,-4.3235924952911455,-4.254384416552828,-4.166081529330762,-3.729917569049909,-3.046513848394543,-2.622544491448259,-2.407919378364555,-1.7626330992164605,-0.5448079497963447,1.168354718966836,3.2257135364196134,5.4751526480386765,7.528429941831007,9.151247430742355,10.323127409769986,11.041528497413978,11.362553954363804,11.39739712134744,11.254325134884859,11.01103644614571,10.706698247408953,10.366662702261799,10.005036144121588,9.614101412015273,9.211467802377262,8.878869123048815,8.669130806944375,8.579505674255667,8.533064770217715,8.489234838087505,8.471932130131876,8.557137968309172,8.745501498642206,8.989435482695987,9.155053524342831
111.90145111083984,0.9788970947265625,9.057122492045565,8.612192614781787,8.213562325136811,8.122188931696515,8.179589456627651,8.25591300430285,8.359712505671455,8.369639267676552,8.04282278129979,7.46715128771218,7.504418420445658,8.201685870312334,8.767517439934526,8.632464900595954,8.317268855426281,8.652350452677895,9.349399467749365,9.580151928748204,9.120910196731582,8.255712944101978,7.292832902545661,6.403561201227896,5.733301121763291,5.259414017736254,4.830634736674626,4.400874157625737,3.964516969049439,3.5201034198468206,3.049901800939443,2.519597416073214,1.9352735754337447,1.335500195192367,0.7852807865822302,0.30979922177447017,-0.07984906058361049,-0.41149000239873684,-0.7099797050733438,-0.9759528545599374,-1.2065278781623932,-1.4289527155720738,-1.681221779624002,-1.9567653807135084,-2.2291264506932356,-2.497178857619172,-2.744972616195624,-2.9397855331502605,-3.0930520283387155,-3.2005473786538894,-3.2884586472005264,-3.3775974116814473,-3.45034235076457,-3.5083419956406603,-3.5417816291705684,-3.58579271275259,-3.626921599532051,-3.705327768017046,-3.8726259765585125,-4.116485095203714,-4.308476457799872,-4.406762178484425,-4.371877549401257,-4.296806992644802,-4.314588448023324,-4.36637369007969,-4.296206282780546,-4.081970810610504,-3.776523480375711,-3.2291822269774393,-2.189373171225558,-0.8866900400744046,0.15164460487614012,0.7509545732577414,1.1794745281710988,1.6670865301242355,2.246207406949913,3.0098649427720323,3.8893478499432783,4.899286799018919,6.002431059756496,7.027440413738196,7.751033451241491,8.09456341551144,8.079941333968227,7.781894584191811,7.308765348050044,6.80334254985151,6.395849223487011,6.16358217319595,6.13135344332245,6.295659255982218,6.6711066145757085,7.256954836791377,7.935977442878655,8.524751978094484,8.872863588065371,8.982458237485016,9.045636149112699,9.143744040124735,9.275324194941044,9.349535465267108
112.8803482055664,1.118499755859375,9.287721428944009,9.101052242550905,8.952249664445466,9.016169779790554,9.339223133886417,9.724649485482281,9.902108575072809,9.536784024579202,8.835586067934837,8.59047943849696,9.181375952461202,10.163690165517004,10.491197057302408,11.214895257194824,12.683570161106728,13.643469960086737,13.478913342463796,12.88233766512364,12.070156039855032,11.143263365557766,10.153761119090555,9.280188509780345,8.58752205705587,7.957895787753259,7.361309618513028,6.808471599566493,6.286525469852018,5.771843231850323,5.2369346905171215,4.670916035367117,4.071714192720508,3.4677691275794427,2.8997728165726278,2.3725715401850382,1.8943170743724977,1.46210001704265,1.071174667142965,0.7229659765019709,0.4036969401630298,0.10510789339788225,-0.17826475423300553,-0.44161578606795837,-0.6879402570211318,-0.914448997867252,-1.1283893166096388,-1.360488415637037,-1.6055303932550764,-1.871879641619024,-2.133038691824206,-2.363300709099537,-2.557030865215689,-2.7250772951385924,-2.9046453723196968,-3.0969969164517703,-3.32993552979263,-3.6091770316495926,-3.870426856104128,-4.088023797658663,-4.233471218489429,-4.3657447653108195,-4.516220536944858,-4.7225758928465,-4.960913314465443,-5.1063615261536635,-5.140666360995741,-5.026803380562035,-4.502195601956667,-3.4668343712742,-2.215627360832893,-1.258904284154887,-0.5818649464741859,0.22306420479681688,1.4149864059617099,3.0055952448549816,4.895008492586371,6.866401556742633,8.60856555326964,9.894909545351032,10.625485004519318,10.837451162186413,10.682871797275933,10.304962379313153,9.836792550565267,9.327417220287566,8.792347560999055,8.299556761368011,7.96991847075987,7.844615263759937,7.863187936794165,8.05328851953513,8.27344245125103,8.521524370065075,8.85931537152301,9.349464342063634,9.84145206967145,10.188634962349399,10.342643454405957,10.345911559466643,10.548321603000058,10.37624729434625
117.03524780273438,1.0193023681640625,13.502327349562503,12.994054322587141,12.753130818824827,12.839257246571501,13.10516076157959,13.530225018049556,13.706959576115686,13.348540940122627,12.888889303295452,12.833859127492097,13.345354188917273,13.903457187259246,14.367329194526015,15.377648432295926,16.711747103012407,17.48273483059574,17.156766287759503,16.079309922205233,14.924408450438271,13.835434563556394,12.91596473563541,12.119077853012792,11.306857715014988,10.548496701213239,9.935641533009893,9.455709818428856,9.03903053674372,8.627925164363711,8.1908121778804,7.678547759147359,7.128602234424433,6.586838249366136,6.076243629144079,5.650212538947577,5.3251741326354916,5.09625395657703,4.936824279768405,4.824292277474546,4.7388546407417556,4.654960549546566,4.540176414909408,4.383883327173691,4.207177389010667,4.0263102126043995,3.8286443533936803,3.6094612392759764,3.379936021276595,3.138737190856933,2.8952940266282683,2.656181902101603,2.430269379728977,2.207855366509241,1.9900110507978308,1.801685074458056,1.6737994819821793,1.5281430526119515,1.3467950702250737,1.1343343453508417,0.8875645128603911,0.6614495775774216,0.5123699941452107,0.4372480651031496,0.3430607291223315,0.06168899820818541,-0.37766085630375057,-0.8214052643884762,-1.1996254885033475,-1.2994773275600227,-0.9674203097593272,-0.3272781353551633,0.6044360286247982,1.377213068801976,2.1021988729089554,2.9463008622507614,4.138346435093248,5.682018608013285,7.268617214564044,8.743452942750746,10.037652463666099,11.169377100717414,12.116640299838695,12.818902888575721,13.142671468761382,13.050664585194562,12.731071783103625,12.34537098328093,11.96624708708785,11.630341915595311,11.361540493764652,11.1901704193633,11.186752979750962,11.442118711737445,11.863671836988217,12.244412429951877,12.441007952007611,12.541646029199226,12.689301300733845,12.86707186559906,12.919105015734722,12.73665399705016
118.05455017089844,1.0580978393554688,12.302570595087133,11.87442338007633,11.780568392001287,11.958024747088515,12.249918961395254,12.622583859023703,12.756341124051955,12.42473752192821,12.003181900684694,12.063135772842653,12.670525393154255,13.299017775579811,13.936574014030136,14.97705699830109,15.932615736068428,16.08928617578873,15.53493860647735,14.665155338120513,13.691056119818176,12.761252948200893,12.036160497470178,11.540163557927102,11.126634074641759,10.708275382780275,10.282281508610073,9.832197198266448,9.334761347568362,8.757145080608025,8.08901279986884,7.368926619943225,6.641200633122626,5.940916165657131,5.314343979289889,4.794414715236407,4.3647770996688635,3.9888119355510656,3.648042790339054,3.341168450801091,3.0663610059684867,2.8212261336510176,2.6011052274221185,2.3999246421343097,2.216221571106389,2.063022036901077,1.938134311500304,1.816298831684173,1.6713187387390471,1.5062861572635513,1.3272353548262543,1.1275978066936667,0.9066951581834858,0.6631448644994137,0.4008710262974637,0.11120791055283846,-0.18556803241310396,-0.43516049511130717,-0.6126323971684706,-0.7102480223448624,-0.7621687080971022,-0.822939342127083,-0.9392623673405187,-1.0946119205536142,-1.2267924525406346,-1.308156367266512,-1.2858921763967537,-1.0707918694814658,-0.5017417549508743,0.49582331183148,1.5420954872064236,2.098509998058706,2.292578161245924,2.569460382459871,3.2129235445318924,4.326010754727196,5.888008399359284,7.775416902927273,9.681655050823814,11.331696344908236,12.570825708029506,13.306326097889231,13.54547920973278,13.438718039025598,13.124127588578688,12.650000814658366,12.062645904562613,11.45572408708663,10.925641323068284,10.504657705822074,10.198916362696398,10.03423622468201,10.055646422133846,10.25220623240016,10.515200190852948,10.6981532584236,10.750157992259567,10.72048384183065,10.710213311184933,10.793419472714776,10.933570348340838,10.933088376259724
119.1126480102539,1.2192001342773438,10.590870365314855,10.196393712914055,10.183244491959002,10.4885588091072,10.83180018984706,10.957184162962346,10.54191646680164,9.758532870268287,9.374979165053144,9.85429140897931,10.578388281725296,11.040645281897596,12.033032944935936,13.676738930571362,14.720756437829454,14.659881357957465,14.01425464758011,13.205599374813865,12.333297391568259,11.517390791586722,10.785737955210811,10.119177061700443,9.500797753097501,8.918954597050769,8.359982996967707,7.814721642609271,7.268853496303516,6.69594010638898,6.085101956112748,5.450320566005652,4.843105428808826,4.315086571965564,3.889713265119179,3.569915394344776,3.343448937791751,3.1720524852433782,3.0061777405439933,2.824691977061064,2.609915053474339,2.3508915534639243,2.0560405070841656,1.7566322878768683,1.4905320149769723,1.2666691914156099,1.0660414516438537,0.8736493348309686,0.6940346602846048,0.5171989837907017,0.33896004233423505,0.1421309213831177,-0.06995033960352627,-0.27662553161296827,-0.44167520430157736,-0.5332195743440205,-0.5959664210586123,-0.6929523704473302,-0.8607245691129382,-1.1250046778032763,-1.4651344208823134,-1.7803944416562787,-1.9398049334223864,-1.7815749927322102,-1.1802529690468073,-0.10329186641210264,1.397285944535331,3.3553132434599107,6.030147798166383,8.837219095403597,10.762223799614613,11.914760414828919,12.802231957771383,13.743714209333417,14.580068241772596,15.037570260555592,15.210893064239222,15.152540290524659,14.820643646435004,14.255125145357285,13.513727554419544,12.611529662441045,11.594462001547935,10.544970002869952,9.556782811202833,8.716813907434643,7.9443917898941505,7.039917501547699,6.063569201393839,5.327427974122429,5.098949357249096,5.452024775799709,6.255005691048293,7.282722315130597,8.345596161481916,9.254878660514603,9.77733784662249,9.892300407812561,9.760486563276485,9.467101652589626,9.123301333610282,8.831637117429992
120.33184814453125,1.0687026977539062,8.684333981126507,8.529146222196735,8.059473700038682,7.583507297704556,7.346829429398274,7.367114552558998,7.7265896109844325,8.351382600170254,8.990424075826631,9.408456110772462,9.328826231684257,8.94305969019175,8.52604865990699,8.18348947521865,7.927086827131991,7.844968584504529,7.830618326577609,7.8184190039620995,7.765890550017604,7.563910632536082,7.161039350407103,6.623963429957678,6.043249101585358,5.479810398218157,5.000027627903684,4.643786559277078,4.364465693739968,4.122679778805432,3.864584947723286,3.575924287545473,3.2924769308039887,3.0463251198236856,2.8413098511991226,2.675143232819639,2.5490552082769327,2.4612636140178354,2.396571759741483,2.3133688622880846,2.211153746975881,2.0660948768440317,1.9260540096800816,1.7880151400219373,1.656557708555535,1.5375983476098611,1.4273476847391127,1.3229129844401781,1.265941259434589,1.258734406958582,1.299723452371139,1.3567616921575263,1.3801739945237745,1.364110687891529,1.3046356292821901,1.2231543794041801,1.0884515845950604,0.8680694507698536,0.5533062520675118,0.12329286661314115,-0.3706506729741604,-0.9876519503568257,-1.754250807010365,-2.5970533623950405,-3.3783669109436523,-3.9368262601479787,-3.929735090464572,-3.3737432566927112,-2.50174047224775,-1.2951287414482235,0.602999459241371,3.0794661110292387,6.077174466977166,9.225014876717259,12.25662139442477,14.786898717120437,16.516855877661914,17.32617973893838,17.157282403913324,16.17656148855661,14.759124633210748,13.058969722628552,11.244457665738565,9.569244656205429,8.382882963708237,7.876870459352402,8.023177255927639,8.638469741433152,9.52227332572347,10.438085140788715,11.259126083299376,11.873616957265698,12.172933939490996,12.222145532896628,12.166363326681704,12.04726251789217,12.028606159341303,12.20822911408128,12.48103491654434,12.78206946318801,12.951250701323373,12.996862005224
121.40055084228516,1.0288009643554688,12.884521891892659,12.788573672539304,12.708908131665249,12.594332503482452,12.321203935257254,11.850904630013057,11.01725163759058,10.446124382827405,10.38368564741197,10.62722485222831,10.996015427051383,11.347973508637105,11.673551351243539,12.01189138099872,12.388500730403328,12.688580514070944,12.602414186116118,12.041709335713835,11.102511534374122,10.194151925177495,9.737242785823675,9.244538183562618,8.809593954038572,8.531554130545961,8.378486422313301,8.271391602272002,8.095461543560772,7.762421944267922,7.311872124830732,6.838160526646036,6.394575339957776,6.0106085359697285,5.7074099981222135,5.482315840149189,5.3491532631122505,5.284742523902583,5.290293954621181,5.288353134034532,5.242646351911936,5.146679360147307,4.989079140559947,4.779650079049104,4.541110749525857,4.3024228769010024,4.077176077708572,3.8368752056860025,3.5786977881105035,3.294412257730692,2.9984698892297623,2.6931700550674034,2.3920111030900353,2.1066719179205666,1.8362022793960526,1.5912342697825061,1.381389103323451,1.210198153975592,1.0533974925581895,0.8998485167305272,0.7291001934610687,0.5597536986047678,0.4261039356551014,0.403693025472325,0.5245370589238797,0.671878462295324,0.7327991449419995,0.7085398907025315,0.8450541849014783,1.3203334338904065,1.745065139662779,2.2745272925359754,2.7761761686711544,2.8774235562686847,2.8666531151484103,3.265471579621268,4.30722674897415,5.838022815888653,7.576874042393928,9.500741697145013,11.434898461243606,13.088134183779282,14.289707321864675,15.100535664731973,15.64701649888044,16.02878754058912,16.30852906487755,16.49797337211334,16.604878340780527,16.641504894846662,16.606609093025078,16.471636797071678,16.20754951693985,15.841088583150107,15.464454295825927,15.124712112467613,14.813024850696989,14.551136179015353,14.395592989090707,14.36912041088364,14.523534081663088,14.620470705441095
122.42935180664062,1.0287017822265625,14.354335518182943,14.05681502988233,13.81605899285655,13.806812744298474,13.844767390019209,14.086160607074373,14.21284880753236,13.912546456435562,13.25279846447804,12.98439792194847,13.19464806326862,13.682622293001467,13.889420846394879,13.7007094680679,13.791726152499747,14.529071817554033,15.232599929708943,15.169755164756364,14.516734271367117,13.602225360668807,12.784803446663409,12.210701783822858,11.702015850095666,11.186420463910553,10.694179051788511,10.245980734233845,9.823241804500476,9.368315843301932,8.851056509274608,8.29892520001505,7.766252029479612,7.276957505211179,6.818200892825298,6.377455208290795,5.994841871923139,5.6647340109175754,5.404613874310126,5.223030937755156,5.094736992760815,4.9793393965577915,4.802436718480877,4.558659088415121,4.3004517819589605,4.096252284239191,3.976585240432341,3.913517378710014,3.8543878352196916,3.7741659210192635,3.6472922367558542,3.479510204800068,3.289042850889465,3.0787264973016404,2.8617145253643157,2.6724530972723346,2.5072211847096164,2.3437951861727764,2.179661563360155,2.001672767157063,1.8113122181514,1.6687974710884037,1.6918593505195458,1.904395001337806,2.200391155889112,2.3636354062563263,2.487088645343437,2.746263165425332,3.125373358347639,3.6065286463967183,4.458448716761799,5.57078902162449,6.555863509038965,7.051925533951318,6.993039380416334,6.650071367596374,6.166812937907928,5.698308685360488,5.503921703132407,5.7260725661933645,6.43797442729159,7.572898716534668,8.920888452852404,10.208962356615249,11.247718846948414,11.979720447608187,12.484473580038566,12.856176543218357,13.171726556729489,13.464080501774768,13.722294597689748,13.900845790758689,13.918761388488734,13.765510139105475,13.503168532384482,13.226850202036626,13.080948841153932,13.129645566436118,13.343545194692691,13.639766549371515,14.021288805755125,14.190847731796115
123.45805358886719,1.0387954711914062,13.701738683624914,13.077099026782353,12.730350960914885,12.815113682634502,12.958542971244,12.999986503372917,12.879043074163807,12.368647377325521,11.708727623687352,11.593650576998925,12.049520177187686,12.489017573799783,12.586687786266893,12.71390901290397,13.444738622184037,14.093686213210564,14.128234754951787,13.440913193276378,12.360604671574675,11.327631544700031,10.578166037995935,10.17791199906522,9.901765206300185,9.556367472449967,9.14528851680452,8.700840412108176,8.194764807524106,7.615499868818166,6.9788133469801545,6.341637534872945,5.772333165349897,5.3043430146735915,4.919094887376332,4.5953084857890945,4.305781132475371,4.03562849407089,3.7787512892201827,3.5294549462922036,3.2802798901770993,3.0371302333363874,2.798316957269835,2.582421064483141,2.3977709797609084,2.2251722838808674,2.0654676513875816,1.9370528207794115,1.8373693824360688,1.7409244334656482,1.639172365292991,1.5219157014075175,1.375045930544462,1.1854922047848564,0.9521524420454366,0.7032141038941774,0.43868644498977116,0.13123358753673223,-0.20290049290603948,-0.5161777989560178,-0.7726809701580689,-0.8840418780183067,-0.7756231257407316,-0.48965985306085547,-0.11132660716160159,0.27843624499353176,0.7009694251897509,1.1859978032342862,1.7020358543361307,2.4268837108585926,3.4478069622166934,4.742815866374849,5.987073435239949,6.778862934788094,7.174468231797031,7.456305941772584,7.838550657438075,8.411231051330816,9.180835400700643,10.219194201058249,11.476288961590798,12.675419305515062,13.591184358262154,14.143665001356414,14.351549059085768,14.301178585096325,14.081861797684475,13.75439760478573,13.374914863784085,12.9876711067248,12.605833809902448,12.20897407134234,11.765307973459032,11.27913682388511,10.773090956070376,10.316831160856653,10.004046425899725,9.944516548465835,10.108209626539805,10.380274927193803,10.630845196673635,10.76933409513009
124.4968490600586,1.0486984252929688,10.61208510699675,10.068177753488163,9.780176829150493,9.808912043695281,9.977043361569857,10.213750364556457,10.207611173995693,9.746071398949532,9.184106477114312,9.061717370307733,9.448802350993818,9.821412394140657,10.1388823976037,11.131304838135199,12.571856868949132,13.358491368676768,13.227403898295979,12.715486483360294,12.063721097238409,11.197791452086088,10.233477912257259,9.439076832693525,8.789421512078015,8.23730684524028,7.785400000449714,7.394548298730291,6.999537105702559,6.587018142343136,6.158597213306085,5.728741677599941,5.311792583653218,4.9483300516238025,4.63263042078174,4.335927251607189,4.023835178215498,3.708714427154981,3.403538527839411,3.1163248977710976,2.83355516326913,2.543692824787052,2.2439977630292596,1.9449715894870707,1.65755751134909,1.4071127922186522,1.194313848282967,1.007953216054527,0.8152392672637123,0.5974403653394263,0.37672507652935405,0.1685085675272105,-0.020986057271333083,-0.20944268938470567,-0.4370463748928531,-0.6773113386440845,-0.9419102162574696,-1.209123154856084,-1.4252990782468504,-1.5685900561420822,-1.6444701700513398,-1.732070359100892,-1.8968116711333916,-2.1373412641800598,-2.423269808493763,-2.6432565465889493,-2.7350718394664595,-2.743635665070064,-2.493059314738032,-1.7660249790775713,-0.7929432649023217,-0.08135555975454584,0.2053909985317411,0.3234821137056269,0.6996722799301758,1.424672737806985,2.5871281633586225,4.109658488798943,5.933841761241284,7.614149148581883,8.85009776108444,9.54205638236116,9.67959906212372,9.341178544116143,8.674617379380207,7.797846153609219,6.8379657598924775,5.950227054301919,5.302197901449649,5.00274931132162,5.042721539646169,5.381479009524661,6.027489639699378,6.929734004667643,7.903538501175021,8.7870874312013,9.449838445243923,9.783869058048966,9.810229211510048,9.785084902735134,9.662681153919676,9.346549243219977
125.54554748535156,1.35870361328125,9.0515097634364,8.855600134797879,8.701188426380572,8.483450756208278,8.227288303774358,8.100465927309429,8.124226572612024,7.7800227161086175,7.243577530868052,7.246961476287653,8.007810508260198,8.767973626575916,8.987707533914003,9.34631970181302,10.391097554649358,11.244595866848899,11.235805327340774,10.628686166213164,9.85040219465816,9.11974423851021,8.562539315924836,8.211980888199658,7.979866154132168,7.814101900993394,7.621629742007967,7.391051042827012,7.0615900780497,6.578744710421169,5.981571067632522,5.335696517339157,4.694749674634073,4.106534960461363,3.5937090777942675,3.1710238058219207,2.8478922975504197,2.6089813884395023,2.4367932402151675,2.2946724979220994,2.1438945309069024,1.96542837827828,1.752670871127618,1.5199591578795721,1.2737813580770427,1.0169079605449265,0.7540675510743132,0.4849390703024818,0.2152931926143647,-0.0470186558771749,-0.310700235956519,-0.5988116144880461,-0.9179298463905617,-1.2496096963652141,-1.5400253744957366,-1.7572135921228753,-1.9512262725283462,-2.148442745612846,-2.342249919316244,-2.5702627979478576,-2.9016837661113035,-3.2836272792884285,-3.60998853141456,-3.7873917442631777,-3.7889235261740644,-3.423107177487749,-2.675519164529368,-1.6252743745386447,-0.47917463002002053,0.7984078979856257,2.3430538429615515,3.5564321448635416,3.923981835279381,3.925740919837895,4.006305382265917,4.374351492667787,5.1661380779518655,6.401764530293975,7.860867671124579,9.136054700326792,9.893471238100705,10.156566805608902,9.909551678733205,9.331723061622203,8.596926139606174,7.73274306554118,6.7697302446673016,5.760221720055179,4.846735563643563,4.142198128370091,3.6817690131971212,3.483379583813266,3.6023302576687244,4.081791497828715,4.869854677267496,5.751791721388797,6.424375803997791,6.666770405286392,6.6276702904136435,6.757107630299065,6.944840320435591,7.094178275529987
126.90425109863281,1.1284942626953125,7.094088164665749,7.104313930808377,7.184476936689806,7.094511035834962,6.339559429469029,5.299230033177112,4.832973229819841,5.439227698164184,6.072924012930152,6.653475080619573,7.059574160730694,7.954881385678015,8.634780553757686,8.59391702327287,8.405578220688302,8.135947637446087,7.883310937597952,7.576613219157289,7.336993581942456,7.155912734645442,6.8959785906513735,6.4936380730660614,6.0303379526810685,5.561113716019473,5.190316400682932,4.851178903873251,4.528936820721784,4.219518753429753,3.8654513180739447,3.4417213736126913,3.0116949006809324,2.585705065444988,2.1935924967213882,1.850521943441719,1.5836762602838896,1.4069030273499623,1.2848281088279776,1.2087607814557653,1.1642179224246672,1.1478376563745918,1.1563408273849398,1.1543320542550852,1.1173572778249439,1.0618676666410929,1.0138465272601804,1.0002682975336252,0.9988142035391195,1.0005806878333585,1.0083977678036007,1.0149968744955873,0.9876107256589911,0.9130868697454413,0.8001367493939351,0.6819287762445525,0.5387630234310101,0.35382111560439444,0.1473239603869217,-0.06346444171753382,-0.265635850321973,-0.48168107275784644,-0.7751379100656534,-1.202074206561394,-1.7927212257343808,-2.5601544590965166,-3.32280854074365,-3.8804070887077953,-4.076702090453487,-4.037774571298527,-3.900402398172431,-3.2872221282628358,-1.8658323960859013,0.478315854337583,3.3978472891532507,6.326049026318677,8.927391282131067,10.850855476966336,11.849758180191792,11.744973529813285,10.882236680307784,9.720223198426108,8.394568898293194,7.216634204870447,6.4807482359281705,6.41930423324304,6.93453193195556,7.833760137641873,8.952665964196939,10.111974319292568,11.21039113447415,12.073275767098284,12.625029016682337,12.827706003460216,12.88076533844941,12.952124273801113,13.105049485088623,13.35338285903286,13.624920182032833,13.794838140423197,13.862122012293678,13.767164423847998
128.03274536132812,1.0485076904296875,13.647709801304865,13.555514640769005,13.47107336859466,13.434375186519752,13.379549924662959,13.240131377330655,13.004586982180234,12.623570706784077,11.819469800150621,11.230839617624596,10.973237784682784,10.995889444616521,11.36398338167857,11.966646866767745,12.762112205000637,13.496703787914932,13.964018981035343,14.127363978578188,13.82200094915221,12.967016945422753,11.858392451118979,11.047447275422474,10.685007741544077,10.509556310058363,10.445415864302221,10.400381819507242,10.242687069944754,9.881129611318897,9.408935144603713,8.870563200112116,8.294862149833607,7.723156587060371,7.197212198527897,6.7460473778895755,6.368306999728892,6.097473848378072,5.938966036942126,5.852343891290969,5.798973766505208,5.758455657292156,5.704191366490845,5.618811728298065,5.50220176171644,5.376324021366839,5.247762022667649,5.111375284373568,4.970829255194811,4.815589832081614,4.646383516487038,4.459087611992411,4.27480566168781,4.111526369169971,3.9666412502981263,3.816089331779303,3.6506524670438125,3.493586407420278,3.3480194466614366,3.1868806598481,2.9943932221293466,2.7786176837701317,2.5969231937540638,2.5039327049911297,2.5317686203175165,2.678093806913835,3.0443215854272045,3.5816015861758013,4.0447414505290995,4.419539304345729,4.833613641817542,5.197011783042095,5.6235269864107655,6.258777817101117,6.664253416503974,6.648887113859398,6.529698230521829,6.61600635517384,7.127186202621063,8.067705682481462,9.323245186920484,10.801718753200266,12.223032983862309,13.344776678179683,14.123529957142937,14.614918550444207,14.919927537714065,15.109679654794082,15.24061488674413,15.350471435688355,15.394987626791577,15.31832244657189,15.079446909500055,14.723495778619164,14.41192521785547,14.241722361147739,14.150970960330215,14.129702447628537,14.283181161575152,14.612203742654641,14.914180807401,14.826534128457963
129.0812530517578,1.0688018798828125,14.41388292880208,14.070946756696117,14.01324937062557,14.170368602668804,14.344827142652159,14.394426739027493,14.31492071692847,13.924476501268707,13.193580603177589,12.708421203805827,12.813303076680137,13.35514172992158,13.732018666822006,13.689303968931448,13.979914440115351,14.846395649535122,15.652304333309333,15.67974451219148,15.117622990762671,14.356745296906043,13.554307744078557,12.82210260041349,12.151332420741857,11.557420293489647,11.052456153184488,10.628069718796633,10.238951397858688,9.819167798982706,9.333008549192217,8.78245855752872,8.189667732314353,7.59348103450029,7.045840112070283,6.57610496039032,6.197610059718998,5.910913495073847,5.690632412237403,5.527286250750629,5.4260409043003675,5.351392786662427,5.265075510165238,5.1613381856124825,5.041165269384319,4.912007321789918,4.784970921659439,4.66087245483765,4.5426185873651805,4.421749285321104,4.273815065670591,4.0863723051977905,3.8605418474717714,3.606952196918037,3.33935422630483,3.0676351376451336,2.7939986534846026,2.516179107699899,2.219234548064534,1.8827439737919862,1.5458394745928892,1.3101972675429168,1.2231703448023987,1.261360902318335,1.3010662272081868,1.2403359328569137,1.1047506421327125,0.9881825555675257,0.8827761431710804,0.855840743262682,1.1255642672281532,1.7744763274589883,2.6504969829382525,3.4779991881890564,4.100303746154033,4.526776761316879,4.9500106638801995,5.5230479665216965,6.326188790965531,7.4992878981163695,8.991341368512265,10.587266820278506,12.000583677135074,13.025893212089631,13.63779024159874,13.877464476667663,13.812171818693297,13.509857925558071,13.076395061738838,12.639889789358561,12.300125554132071,12.090838572055677,12.008544383371047,12.06853011648097,12.255128076448264,12.48319321886945,12.664298124090253,12.784761925331459,12.91932288647317,13.10664060679239,13.244472655958578,13.145346535451486
130.15005493164062,1.0291900634765625,12.800204892533422,12.445524136272796,12.221944073968446,12.206780073813894,12.311604370261724,12.414622066334767,12.174935620406295,11.584343020848275,11.053610013177611,11.030071805681562,11.450855860388085,11.8489008891068,12.046037436337576,12.440533233016676,13.217616377517782,13.646458377354483,13.291352076715814,12.440615671725203,11.536809325522983,10.823750633236163,10.339480598333205,9.949047798301113,9.60876316861127,9.287308883846137,8.942519902284156,8.571574001476897,8.174852833883486,7.763602690238866,7.346991730124682,6.921626050812036,6.506586856833875,6.128214341674932,5.785816810025091,5.474341325443963,5.174938733592381,4.87628847831741,4.567301564041104,4.240629557494189,3.898865775325381,3.5671673535365316,3.2505339653942875,2.9378328136392766,2.6423664654275125,2.3691239284520753,2.1232923974859945,1.900840387479635,1.6923394211474905,1.4973507935295722,1.310770392865186,1.1291302865184725,0.9503695874899715,0.7699833103129528,0.5718683435077542,0.3391241031913479,0.07533403852769652,-0.18663740529213116,-0.45832364329665926,-0.7235840937740758,-0.9493186012825616,-1.067593144288643,-0.9658231876429523,-0.6325346749073397,-0.14553934648687045,0.34878291452658267,0.7695369444961243,1.1747921562297927,1.5845439538317663,1.9012012302577652,2.3417361858786,3.15820522818799,4.476698928864748,6.079561263980273,7.552001194997225,8.564188048823594,9.201758342875113,9.741344820936167,10.368519237308355,11.093353015354682,11.868018500792276,12.795052005780663,13.804032449176846,14.627470243694512,15.031705861990634,14.933598776116531,14.423011507870287,13.702036366580034,12.986193159690242,12.344978935025809,11.774211627716705,11.27394491518946,10.853976541111871,10.543703180505913,10.477999752090641,10.698572735975805,11.057339565828194,11.369777649750013,11.600236769895224,11.7955149949927,11.964775074998471,11.825393372184912
131.1792449951172,1.06829833984375,11.256989757523092,10.6881960651614,10.423699976965766,10.457727945692072,10.622224945099548,10.871954567899166,10.910118795366552,10.27530799713211,9.532899498777418,9.139088788968197,9.377332248849951,9.919835342909737,10.252649893367835,10.402245962313643,10.871633752327131,11.67684265796292,12.128937680415666,11.866560803050946,11.113694987623667,10.223151052743322,9.450856485667767,8.738933267961645,8.02922125993706,7.426064415432047,6.969288085988389,6.604685081242317,6.241548500698368,5.821034876151526,5.325197931629089,4.755875719057956,4.147264823042253,3.530699811392859,2.9568351507962207,2.4445437612571355,2.0159276156285797,1.648145314797347,1.3340699906437292,1.0624671542210424,0.8206479794239835,0.5906248037588788,0.3620810950178347,0.1354197663189432,-0.09099263557992089,-0.30474155034626654,-0.5292124514852827,-0.7624372058797028,-0.9953394238372018,-1.2096673208582949,-1.403169223000622,-1.5750429260775718,-1.723596593674464,-1.8796750550393901,-2.065944363757938,-2.291854496113984,-2.5900812706604524,-2.9073646148449694,-3.1612277683589762,-3.335287724350824,-3.4518396017683894,-3.511652976873273,-3.561075954823552,-3.559359643133679,-3.3367788919335624,-2.733032731356707,-1.7779990184867214,-0.7651850135019833,0.2087414391723379,1.6422182193126387,3.240335355264605,3.8079531468349757,3.7947007118847886,3.828538733191442,4.0500231270180125,4.510131608586211,5.226664385502436,6.1382977475979805,7.257217405291211,8.2032512868317,8.73011487664687,8.827961712796549,8.609043535158486,8.213691341728904,7.834582482672789,7.559317836718181,7.410887698189125,7.497456183829852,7.936162702397251,8.624750069505748,9.284584122073461,9.802432091276499,10.208466925745658,10.444737182792098,10.430663546947637,10.22196658232629,9.960666351558375,9.822719141653227,9.873244481050648,10.13737159497582,10.406294729409318,10.279000709687686
132.24754333496094,1.3389129638671875,9.824152184083387,9.406458023494647,9.337467203610853,9.474423680723264,9.700484428420474,9.9407504069054,9.919565047738292,9.40249675586836,8.851585931028067,8.836530988413546,9.377650491347305,9.680858265412645,9.49849022672029,10.087944103307468,11.870417758899297,12.921697399755644,12.717722491257772,12.04800984414959,11.378588049862513,10.647145220247912,9.805652813571403,9.136988813828545,8.632021836292893,8.096777935823637,7.608294737326954,7.23481380711187,6.9194361089891805,6.61013802337728,6.265857728686223,5.852375564719684,5.384340423514452,4.88991912672932,4.415126070597197,4.0044393672002805,3.6722981962748182,3.4052192526967913,3.1952994954288587,3.0300971101708654,2.871134429657948,2.688744297452702,2.475236597217395,2.2295200756755276,1.950121072976441,1.6589335783078858,1.378122407118886,1.1070002371746948,0.8247160672480628,0.5268214513583844,0.23029143967788107,-0.08395592406721902,-0.42081230342009396,-0.7940433501721448,-1.204372154136851,-1.6848834272948436,-2.2112416445801433,-2.768791935708679,-3.3589059742467513,-3.9707831947640075,-4.50428879804806,-4.861467279250848,-4.971786880061427,-4.767770511320498,-4.2328435358892085,-3.3315648217671163,-2.1210234179082734,-0.7455493206721675,0.6835540044997755,2.2009937634352705,3.935334564882464,5.305060904401212,5.676772926469659,5.760325609606709,5.87024559635271,6.36312960317013,7.187576138043927,8.093179357319109,8.893741276425153,9.419609972149738,9.547717927961555,9.31129560013614,8.837102712503386,8.178676892007452,7.3680161695540205,6.454641325768372,5.501498708848707,4.605362549413541,3.895791559155327,3.4976918288184216,3.455301337423549,3.7632336530333284,4.302686452028233,5.072263762706016,6.0550397804108185,7.046964299383678,7.847655398141681,8.318911095577024,8.370443188089641,8.14142918992039,7.9988402316611635,8.123493075481075
133.58645629882812,1.12860107421875,8.417131829889248,8.84870781632251,9.072856336970085,9.068593129950337,8.674575219064048,8.055822947924181,7.297325660396306,6.9968891552438395,7.427538806590186,7.695253125843397,7.964380228046436,7.829668533686943,7.8703077223154105,8.080504934293346,7.919490012039784,7.478292391866611,7.010897162092269,6.875251316499401,6.815428899997451,6.552974012662432,6.066085159976864,5.4767151820423345,4.891021185898915,4.323086099464657,3.833544969923965,3.490526967041293,3.2836812294352806,3.2099004270284794,3.1397253861742924,3.027225883531134,2.9436817742710937,2.8814741520774447,2.8094284282985367,2.686098137965296,2.5316561017436996,2.3715752565862824,2.2384993822457058,2.1392048746444567,2.078868277938651,2.0568133770831807,2.0790612512381097,2.12729121953235,2.2127268775734437,2.334173920041621,2.452407654165611,2.4980228948887313,2.496147951836008,2.506243041250936,2.5586894953740944,2.6045958192525345,2.6050325078575867,2.5657441134570123,2.481263448410355,2.3219432591502343,2.0938429981234457,1.8290974790839416,1.5141564884913046,1.1718336044173263,0.8286784012338478,0.4779129500195513,0.06936384777319007,-0.4050101733651927,-0.9429852632994379,-1.5266233608231363,-2.0495102741481492,-2.41605095404406,-2.6979115185847085,-2.9317196860994215,-2.6876860214961606,-1.7302297203273262,0.1666000304870574,2.6747596468945782,5.149132318396277,7.243763027146327,8.557766036815815,9.183961479002237,9.182926479857707,8.845486928290377,8.505651487031482,8.393744991511072,8.68473229403221,9.265626069235791,10.017373892490292,10.800088347009742,11.427046622664605,11.801038588833547,11.933560535324096,11.94579155584713,11.906659474114658,11.894021773359377,11.927525150250746,12.000305476682785,12.08888439815876,12.224334910885384,12.43088680877391,12.731742763777172,13.200635552732681,13.73368859661309,14.125171222422495,14.320398666394762
134.71505737304688,1.06878662109375,14.086715986092484,13.613319148709072,13.372815299176903,13.180388463923972,12.927806062776316,12.637556837198993,12.368543901761079,12.022683948158058,11.332692731366764,10.976802490177057,11.049102783249378,11.275602720551394,11.398473862163087,11.360671543067628,11.533501762544805,12.140211571153909,12.582776303927224,12.691370227943294,12.169873145722537,11.283552168454733,10.566963026189645,10.211435802512016,9.89567976304393,9.70417209450152,9.693769847097464,9.671103935905736,9.520155216561228,9.177506704744626,8.689702279396151,8.101746158324906,7.460361841153739,6.850154954231612,6.317776507653384,5.9231749424558195,5.684242518557184,5.567480193247405,5.520368399492378,5.497731093839581,5.462128279566502,5.401222304643568,5.30327244647952,5.137469434330994,4.89954931863737,4.643084580814141,4.4064969457098675,4.206164858348944,4.027125153464757,3.8514016306184296,3.6637064964598385,3.4731477499503867,3.2842593016153385,3.095340665388184,2.8953194600407537,2.6933135751584945,2.509370217534129,2.330542664751665,2.1731839086926907,2.0192103711457947,1.8562736694843227,1.6983831738185802,1.5279048925376952,1.3479058420509773,1.240382918398279,1.3198219350594866,1.5677649022444746,1.829467988276337,1.8917962370416506,1.8611413700728558,1.92115263441895,1.972425920500103,2.2243139273550545,2.827381580401313,3.382751501004888,3.635252814924441,3.770063386278641,4.078922578841282,4.7711210146092835,5.897309132072178,7.4567100151371415,9.42457099286141,11.366847243369566,12.947100333691454,14.061658066984641,14.708249534345793,14.976035594452545,14.97677489484902,14.790877073745452,14.445247698889581,13.995376375222984,13.486483052343619,12.95094912168543,12.49445197127628,12.360176549054957,12.742913742021077,13.315785737405662,13.786187984517552,14.170536801450591,14.580790236612668,14.988004246342697,15.192571580249071
135.78384399414062,1.0885009765625,15.036536630713966,14.615441101198565,14.143763265922257,13.714673886320409,13.40460494054077,13.243120907647342,13.114968045777728,12.728901377829985,12.256689313902287,12.204944707803547,12.5736107865839,12.980161938988733,12.890365062716066,12.703664222343443,13.366988157933504,14.41524784188681,14.646820961229116,14.227687362263383,13.579166482552393,13.004865929101804,12.61380190321363,12.294565304124468,11.941582945818666,11.52771703424144,11.054430480989502,10.522627971613858,9.954308465359587,9.379316113865178,8.839470242971284,8.35423286506984,7.938685652894366,7.571011772401076,7.222261935778401,6.8897970792169065,6.579213337378656,6.307422312009724,6.085074089187056,5.89715759839431,5.7283778430948304,5.555766527499566,5.365257378548036,5.165852942779724,4.9781673665322135,4.820258330551072,4.699671958717379,4.596694719653304,4.4893339414878435,4.346130739860808,4.157190967177088,3.9355848126293895,3.702578734913168,3.4598717248196142,3.2005410596698343,2.9295599353573967,2.65365793262788,2.3686754433660724,2.0513995145173958,1.6869879905053549,1.3328328743683608,1.0849585714688208,0.9927071784405033,0.9846199153409334,0.9493501894641034,0.8167566336491132,0.6061231629658141,0.3941263515984092,0.2397930275464582,0.17839810675811957,0.25709904102028913,0.5454938634497322,1.1589471819790804,2.2713563767731872,3.6406850318144124,4.9364162483240905,5.956255420807856,6.8646481850354535,7.917002295323366,9.122136290651776,10.360429035948538,11.581688469460753,12.708799362156409,13.561508885620547,14.087858419233918,14.412529146673332,14.51756306100117,14.32652004065673,13.930472618998904,13.444626818903549,12.934433626047765,12.483829845633824,12.12095943873991,11.881736048401208,11.87596129386758,12.089478490570803,12.359792799312968,12.52101055224622,12.531517358610838,12.531996592788309,12.577072805047342,12.401036098251142
136.87234497070312,1.0792083740234375,11.959931857974091,11.656820630197947,11.5150934411126,11.406201005593708,11.376537501488315,11.433777715203801,11.52054274943337,11.096165436466912,10.469660230079013,10.198996180485855,10.58066756769908,11.347136486286498,11.6646104847038,11.723409303000917,12.230536120680716,13.024483254180097,13.266973423883657,12.657288368747476,11.573322210478459,10.540516248271489,9.822543340359324,9.279413672883543,8.823950729780286,8.468297617843886,8.173420510526158,7.874338727288123,7.487147068982712,7.010585928863195,6.4753564523902964,5.928450206183113,5.443551253018303,5.073914107975386,4.834128891727093,4.7154332630588245,4.6674669217289795,4.64217843914791,4.595726643666062,4.5128226134068194,4.377707694467468,4.216899720046625,4.039556485033669,3.8613767782592845,3.696910841099087,3.5432151031087753,3.385350346383182,3.223885995422024,3.0419871116803896,2.838182266065043,2.6180788257617498,2.381405131263012,2.129196708002836,1.8637069895438618,1.595241333688484,1.3353575425554576,1.065784525961388,0.7470957861180126,0.37159765008477025,-0.06589861158266838,-0.4796072825078893,-0.749895639254559,-0.8015396342983038,-0.7207214174784787,-0.6069657892733624,-0.5155691382387086,-0.4872427952792898,-0.41453059605289244,-0.22059801018674025,-0.10990670430842003,0.17690714698977492,0.809470314794809,1.1934888047167445,1.1420685881123205,0.9707764454387128,0.9764695395363081,1.3521699270493674,2.197651722549646,3.5547721508294954,5.40102288294292,7.375089022030054,9.061140413181583,10.33129311176491,11.141485571518475,11.57466627442538,11.737545122095812,11.72074637420702,11.587052478748651,11.391557627179251,11.18724740989617,10.95702561170773,10.690844818970746,10.420382184583865,10.163234301822818,9.931769672286478,9.765228203920653,9.749239103364673,9.904417053016722,10.206454821106583,10.614031866656505,10.776661444790037,10.395698529884292
137.95155334472656,1.0988006591796875,9.891137695340205,9.578809107205084,9.415849367279717,9.43892645923638,9.610837250163001,9.62219338894856,9.038311006337976,8.501695316402873,8.389235976743496,8.795575009173023,9.31264241770789,9.402458091438776,9.410463199493158,9.980914825110897,10.999280752609458,11.48650186482751,11.126562857996124,10.330060141631668,9.430828497448871,8.72024829699294,8.220071647259745,7.763591866974624,7.337215496540485,7.004212444603251,6.740066595409233,6.478062084166806,6.14388610852421,5.71509026849552,5.227586580757472,4.722440819312666,4.2308279815798455,3.790981404884255,3.4289687148418015,3.160971850144751,2.969060850067129,2.826812892769523,2.7274583417826195,2.6445989478269762,2.5530102488633006,2.4323469428628433,2.2903994828935956,2.136372581051775,1.995523629149304,1.8618539887415015,1.7258879798241236,1.5817242002399674,1.4215224677010725,1.2539846391581606,1.0689359696802605,0.8610789643704174,0.6286967705238774,0.35502034098587654,0.055540714393808144,-0.24036164489926037,-0.5169449205458899,-0.8054458031398859,-1.1199031272611777,-1.4742936064764158,-1.8124960792588696,-2.060671086762315,-2.1514603579238947,-2.1633366043111457,-2.1408482730703553,-2.1357296588970196,-2.1957298779978043,-2.256443061225107,-2.177336037922965,-2.0024280056800903,-1.7907262450138173,-1.338179589797749,-0.6851013750887913,-0.2998936633201776,-0.4670492300881509,-0.8387107928653826,-0.9748356467615646,-0.3305581250371757,0.9327371048159759,2.604089061974479,4.717235882105842,6.98298293331993,8.798987230768008,10.02260468225851,10.670304444289856,10.828491695120162,10.69823815350801,10.450729469358537,10.191393393151676,9.97479268875876,9.874777044416827,9.875037955388606,9.876125846986776,9.809383692085824,9.699042844229517,9.602668835966172,9.548627217714955,9.552915331284117,9.671216600225279,9.948208246729196,10.254043789956155,10.242934455549916
139.05035400390625,1.2082977294921875,9.96519050619794,9.764854369769074,9.75946104493055,9.870428827781776,9.979165679953667,9.977090542819397,9.845783364269973,9.65774698310795,8.870879596865077,7.717632429326116,7.18511049117874,7.3388186815598475,8.141514919269264,8.689526646740434,8.755102145185653,9.169836313516138,10.068498598069532,10.797579409895288,10.862149190423604,10.301904896623338,9.472027439395456,8.606424193344317,7.827123979693952,7.135348327300603,6.573797327012936,6.17613433961656,5.8780926227276264,5.580068744041381,5.201025558325034,4.759385444481636,4.255113106329175,3.746801602185408,3.245788073126878,2.7847424107921963,2.4074092782636622,2.1376339944166354,1.9557230677628354,1.8250297611941138,1.7240271684187007,1.6383369104019059,1.530529449407581,1.3882693817741725,1.2246761955795666,1.0512540900006198,0.8936474659516397,0.7529065345168079,0.6077785486934689,0.4375448920964451,0.2452642700498589,0.02972043776346145,-0.20989503982263125,-0.48439584343245845,-0.777737219539339,-1.068951956920834,-1.3528353442690073,-1.6331858545119033,-1.8823258319616862,-2.0773755515305274,-2.2135886519717505,-2.317693765208957,-2.4593288516620335,-2.669428542916488,-2.8524227084546303,-2.9513047300294217,-2.876925978114872,-2.5477408664133345,-2.211884262355083,-2.0439217197991333,-1.9268947224143103,-1.5914640182926598,-0.8136290575870978,-0.01441985273394332,0.5987551870307348,0.8371874502728822,1.1554699925936116,1.7197929765785798,2.5476705686873746,3.7292602407878475,5.146257309028499,6.5188748251169475,7.517811703706354,8.050227073167836,8.08623048968973,7.664409926291533,6.893091521653396,5.979027689747276,5.141693594543106,4.5298804085613735,4.195516935049946,4.096315762607012,4.250222154797596,4.6874660012299705,5.358207579435139,6.0932841540437375,6.791580154641336,7.37455636775652,7.753052109974883,8.01279785744986,8.198756356484314,8.01885831269183
140.25865173339844,1.24859619140625,7.517011400089712,7.172462485527999,7.25896488270059,7.415792608641369,7.45626081039217,7.339885737385936,7.204414823280733,6.912849600786369,6.654675417437243,6.912940881674119,7.24062306648194,7.4201077798884825,7.469351515816563,7.502151546141735,7.853982314319503,8.403037390969411,8.506514811138949,8.16998664195676,7.697538286364514,7.34959391033365,7.051915195565425,6.738177977403364,6.321324568255875,5.841856912402186,5.38143354671162,4.925574062183863,4.433799546937741,3.9143133845124813,3.407770639605809,2.949197027859608,2.5485757129537547,2.214562387119528,1.9632527607652193,1.7770537812826133,1.6365914485571582,1.5146506178726296,1.4085517211021132,1.3112888120476545,1.2377954179988189,1.1830045025632367,1.158746635545758,1.1504413164585172,1.1309606840560762,1.0768334453748736,0.976060654858847,0.8509171960065014,0.7278723131055811,0.630136527999691,0.5382588424241831,0.4044353315798413,0.20777444841727571,-0.013884368830081095,-0.24478496334107097,-0.4753970331178064,-0.7473118747701769,-1.1014553388342885,-1.5434973059761838,-2.0550074128878415,-2.5109998907889275,-2.8734221832730045,-3.1284039935018604,-3.2052997239093948,-2.9929230266065443,-2.379666439879923,-1.3898389512176474,-0.2396052493096642,0.794961966788217,1.7529387173101911,2.776587978393822,3.641466172035931,4.2785539975150275,5.038919018220046,6.109965589186356,7.398480908260808,8.794442206610217,10.113699107363482,11.179742155542868,11.86784750186839,12.146980988802827,12.02464697823712,11.56346471228226,10.84832598716588,10.053674935118757,9.322234545099262,8.812858352802694,8.572265369695709,8.5949148044287,8.738010822711656,8.857912878279338,8.849703733796067,8.719692118972464,8.57431085821813,8.530759834939188,8.73621309618893,9.235071329794827,9.938686571945512,10.78163891942666,11.560950237277043,11.994014655436223,12.12000602264968
141.5072479248047,1.12860107421875,12.150603094716079,12.134531731355217,12.073609781711424,11.933387234944865,11.711091869493709,11.181861604662524,10.415857015400906,9.866658700124901,9.996187986754768,10.696523623619836,11.377198728974069,11.824755323977516,12.36606667914672,12.701739771587825,12.739040882106302,12.297882261477824,11.299242816739952,9.97983111800625,9.221989047215342,9.008521706311054,8.931183274791003,8.910960639438771,8.879647677864133,8.775468550670439,8.537725408797897,8.146995500568508,7.707403381706622,7.318215464367639,6.982196747217587,6.705379855647961,6.484532391228167,6.2895615454722105,6.134691544850826,6.013226047696992,5.914614065997076,5.845912176519542,5.799215069948673,5.750665888994264,5.664621936290185,5.554181602862823,5.425313198091749,5.27244682398048,5.106279267326335,4.929052535642672,4.7512255213683785,4.58818686135818,4.448328153793887,4.329761926723891,4.226579626652504,4.1622045295174965,4.118179455560232,4.09377424343213,4.063707204587625,4.012498920649089,3.9122146488326237,3.7701462681284874,3.602801117065999,3.3542496087561213,3.0491192641592533,2.728954436638304,2.4065820031150027,2.0457865900319705,1.7070830353427282,1.5269261211629117,1.6319050933546175,1.8482759870615795,2.117639262775292,2.531525789818766,3.2674743704787246,4.264016061141444,5.040924618592598,5.801478626360174,6.749424327539441,7.402227345786504,7.835473024720266,8.413697162632044,9.244143947353503,10.180470005637961,11.219186593599487,12.292860533058036,13.260765493267304,14.022125576433696,14.532592596395144,14.763839480516978,14.771997817558836,14.72661484556761,14.738661283437791,14.86811907076302,15.026686006533064,15.166014722101126,15.327788908694876,15.58225514986682,15.92952658846274,16.17680877955066,16.136953007256192,15.82099037896519,15.428088059632525,15.132483765822357,14.918683169299303,14.688004552031927
142.63584899902344,1.0886993408203125,14.676059194860848,14.601044715467529,14.418153450546429,14.164280256924657,13.857920736809385,13.786044747309896,13.65554861963288,12.796072423598831,11.965211542394329,11.806580789190793,12.321592939627953,12.724165109489954,12.671847651367415,12.305940164712972,11.946737126492,12.167851947378697,12.740294056312319,12.952004991802188,12.871504695377121,12.500733084477588,11.792857018834708,11.130205354603625,10.856006397187366,10.657443176590384,10.41770989229904,10.124115049848928,9.793477873097112,9.432176789858698,9.022685969022296,8.572552150833681,8.139536646506468,7.773035042270318,7.460900273631416,7.206164935342976,6.980159245455817,6.785596375902097,6.611033562684926,6.447769067574648,6.290567101700125,6.153523563463259,6.00534266934075,5.813400054797312,5.5900648393888135,5.352254888030324,5.102946961225284,4.827878544943889,4.550005808171911,4.277397584522659,4.013988897993141,3.756116786553555,3.505093519298409,3.2508129231752507,2.9997121225788907,2.758656911843426,2.530718198326564,2.319471836658161,2.084657910289728,1.8014175550771085,1.4570007537576246,1.0780911125304038,0.7780476225574302,0.6713791470266062,0.8140102381514666,1.108093569490471,1.4435052281080172,1.7942739260906067,2.182168866085766,2.7492484274432964,3.3295519516287824,3.867011339024929,4.604958957782929,5.030578637097512,4.789168161211416,4.167425237081456,3.4405672300530696,3.135858435882063,3.4794193358533607,4.4128860081322925,5.818542232592922,7.550165606309154,9.237354456257586,10.541126144626856,11.4161242718493,11.936399401812094,12.23522350434632,12.409910654934025,12.566634964489674,12.705524751080285,12.849117223457176,13.011498118808403,13.16822730527383,13.201147984891724,13.06399021851945,12.793231576757982,12.625876826571876,12.65047178701398,12.69662464954026,12.822251265489347,12.909782475057051,12.542884266673811
143.72454833984375,1.1284027099609375,12.051948623849828,11.579166175696002,11.295243777980684,11.177249917135583,11.264888674551901,11.256345355875682,10.60397104337393,10.066297639783407,10.164901377099442,10.65749996905448,11.053075592584317,11.13675145571325,10.75905061348036,10.889516596420664,11.85815927463867,12.622556652846153,12.572976254350744,12.00415351888222,11.30834818386854,10.852173126352811,10.663853866856462,10.309448952077284,9.866054456755649,9.449071421795983,9.054509766015766,8.638672590654766,8.162814961675522,7.659119074681449,7.163043910212666,6.693686311253395,6.259365440208683,5.878221375018406,5.5620615033214085,5.3115831180408115,5.146435191219636,5.032452446381809,4.9339376195264935,4.836639834196417,4.74343580119929,4.63080786300718,4.497643096799952,4.369896163785725,4.246004435889823,4.133221449714611,4.0237968121874195,3.902135390789525,3.7411858228060217,3.5466750861434377,3.3082157916449626,3.0639839326344767,2.7873204959456177,2.488601643993253,2.181387625956895,1.8776649289798704,1.596150022958599,1.2933705400144515,0.924338791304635,0.4823235330693593,0.02722065562548648,-0.3540110420836281,-0.5755699340907702,-0.6035700787243259,-0.5243596527415653,-0.41968524220929165,-0.2783427765989585,-0.11419475966385412,0.04921446592170673,0.35527015211205343,0.7586302989315032,1.0394035269235093,1.3637998012596757,1.5458603625963354,1.215731668445416,0.5270438327219689,-0.18159704032804524,-0.09285721846333546,0.6026851093087566,1.782272875687916,3.325119534826858,5.1778825909520005,6.983229270650572,8.402400085414369,9.420125092294553,10.05492718495157,10.406222547253916,10.589910151706757,10.698140369479084,10.826523570151428,11.001222090148424,11.182349752784148,11.325685460184156,11.370437015361487,11.255666246713385,10.966646395339367,10.637096085738552,10.458023593472705,10.466374233081492,10.642387538789917,10.974868522789146,11.232713573527459
144.8529510498047,1.1089935302734375,11.008102001391572,10.456340420929875,10.091957191240862,10.025153087959668,10.060606422634468,10.155157369034235,9.950753322774121,8.953501414671734,8.214127072030347,8.107058275437067,8.567411912525557,9.137476553053311,9.406665510068795,9.351206600537752,9.652623762687012,10.473150274017748,11.056183721473355,10.987082865007887,10.355227844736541,9.544473278042544,8.970446639846303,8.58687888080448,8.149480811408315,7.775679400699813,7.496199732083614,7.272823260041818,7.024052573399622,6.684579770805051,6.275086161561715,5.821304827370939,5.367316943271315,4.927538058390717,4.5195661136366665,4.1603771675128565,3.8616433480444523,3.6156414407539543,3.4113952208371234,3.251646798249949,3.112879676826868,2.9599063109790955,2.817343828881406,2.6793336616742653,2.5462758385136928,2.4204079149185844,2.305522305210797,2.1734328757179973,2.019302723094285,1.8293040580419804,1.6192038474867272,1.3933670685455373,1.1478575720524646,0.8759374219073601,0.5904263891721796,0.2956517745962989,0.0011342915158176585,-0.284125017764841,-0.6144028448504144,-0.9857478621805449,-1.3276870680869926,-1.552466470825654,-1.5852489861817625,-1.5013642314698212,-1.4056449975296417,-1.3118841259810579,-1.2377060656596246,-1.1987445027777306,-1.129793796734067,-0.8395693373375321,-0.4476226056896617,-0.1446797468153697,0.2303225643041088,0.6004430476575413,0.49349469257221595,0.088030665043559,-0.1447775386942576,0.07778268954306264,0.8051690368139793,2.0174496379591176,3.693479258116555,5.599997807356066,7.16787115132994,8.33102458875657,9.11587098979601,9.585947746955252,9.912616136691721,10.22758206654668,10.585322430837248,10.986608022819006,11.427825007006073,11.835738461447791,12.16079536343557,12.36684254414977,12.50026902249241,12.607328628698564,12.713000378422501,12.744622494202481,12.614049142944523,12.293081553203516,11.748872296246967,10.9534957448936
145.96194458007812,1.0987091064453125,10.667609882781,10.647725320171748,10.741020560837137,10.775271825968435,10.708224875993489,10.635385309968585,10.606319103742262,10.213487567787022,9.538453875752632,9.221799145663272,9.349611213755773,9.783254691273198,9.952375378143463,9.893541711299827,10.155605450577896,10.72103192376635,11.221585055048527,11.308713450036269,10.737606605257195,9.778821139189906,9.01283175022737,8.403495078101281,7.78364161928383,7.30063163181386,6.990201837034853,6.759526342265404,6.490130484536891,6.126948273960198,5.662110896225285,5.132327150456969,4.579294943822038,4.042349916609577,3.5501805372830115,3.1416774757602326,2.830729412752377,2.6127559583704922,2.451103101414045,2.341922126350322,2.2414448605095085,2.1244986254323623,1.985447556017147,1.8240468119893878,1.650317706442776,1.4853720539950226,1.3445413440897989,1.2145668204924507,1.056869696481153,0.864022497522076,0.6387490728201356,0.3774084370757422,0.07715273423675317,-0.24781273880580598,-0.582235828592935,-0.9096848212026036,-1.222459647670084,-1.531516844307509,-1.8861274314137344,-2.321088752043714,-2.780534568828736,-3.1640179019600954,-3.388657062986366,-3.4279344926780966,-3.3243866448513923,-3.1749559153271925,-2.9999666469672177,-2.8280482111873537,-2.6130903411652766,-2.2225045658476246,-1.7207650558027474,-1.246454908483956,-0.6850174232568571,-0.2013442863106918,-0.17707038800429395,-0.5161885743701163,-0.7579067153071721,-0.5998486797475098,0.040070123380016365,1.1404213508553145,2.6708358217590806,4.419750477956134,6.003645635248386,7.225859414416509,8.039343138353452,8.493924033459635,8.678733547504025,8.615330394084014,8.355871533989328,8.020252485777146,7.722581415105623,7.491067594651302,7.324633791488845,7.232581273290968,7.258491541828188,7.442162242501292,7.786713833590356,8.188674416662982,8.530101150578373,8.786564886044292,9.146182604153863,9.40153328166755
147.06065368652344,1.2986907958984375,9.201630862968154,8.818776774552463,8.593881785733373,8.568775400218017,8.616878828252466,8.77903016419991,8.93770090495575,8.621072963788421,8.068227534644674,7.9640984902740675,8.405307855751925,8.95602547260969,8.952419632043451,9.039937088932557,9.971052404026555,10.977838099326402,11.106815905530299,10.499305978761189,9.744318073603528,9.088697437940015,8.70966191678047,8.367517437467992,7.896137309498225,7.419517589281595,7.029964363542556,6.711468096030738,6.390372471763912,6.026230020261815,5.61472399087471,5.1727040467473575,4.719720278207712,4.277784306394859,3.8782363761007606,3.5337091255366895,3.2448811950223257,3.016169127259433,2.8411832087263598,2.697070709771646,2.555400259627133,2.397792928759599,2.229414922299779,2.056214079207386,1.8953588234245935,1.7638680744523854,1.6483538782355402,1.523436615548671,1.3886512782269835,1.2458101209753911,1.0808487345050095,0.8808749433638241,0.647575130570856,0.38734547885513265,0.12576346020278567,-0.13943350087979806,-0.4164946040406673,-0.7231402297682077,-1.0618370089166174,-1.4042426724906352,-1.7118311879036543,-1.9348006264516624,-2.093113168420445,-2.232072331275385,-2.3217010721906233,-2.2852483690745595,-2.0879318219390703,-1.7452472914044062,-1.1825783889558599,-0.2020977831743953,0.8182125755294082,1.6514504481121715,2.2650094155084353,2.1668897891923358,1.3153151001227468,0.2332098985518254,-0.25045901944458204,0.21071217518102567,1.3798013721111266,3.0151375577679627,4.819761814800152,6.2932072400665895,7.161945228206218,7.519095540194655,7.55913982060076,7.486000332741882,7.449962936489317,7.585425017569342,7.995344555838357,8.619883953803457,9.221811349234963,9.550077185332903,9.505191543244738,9.305925089961951,9.09990358098502,8.955419329120428,8.877762582778185,8.882430567228411,9.008601930166083,9.177445945874709,9.205987484447475,8.834116521734437
151.79525756835938,1.0887908935546875,11.940870448849063,11.792954904260187,11.703439642733848,11.782832755777061,11.980269595220932,12.212299083717934,12.318342639245182,12.031215170357386,11.617801054811471,11.564521701616734,11.799774043893782,12.03550415666379,11.808204059708485,11.697413787594863,12.25328016128163,12.845040280955443,12.833595090435544,12.440773552940033,11.954799419731483,11.497359734399774,11.021213940904428,10.522744879858681,10.049814114901785,9.64221232886993,9.219875420506739,8.741786879288227,8.190387986683012,7.583924912072119,6.978960671093606,6.4156502449099255,5.910686012825415,5.465186964925539,5.078057820054739,4.76006015296714,4.502961619361508,4.277986821386191,4.063051884077173,3.8376570208159837,3.5742797035038123,3.269668794808165,2.9274912949976017,2.5398509300447465,2.139013606082444,1.7617163326499163,1.4218513450582149,1.126795879604362,0.8858321711682283,0.6929390213478767,0.5254960180365993,0.3741151786670898,0.23187553598568816,0.09419506720750309,-0.030334359411841025,-0.14318368708816448,-0.266925914336163,-0.4144198902542064,-0.5841382805453491,-0.8079133729264527,-1.0466626165606345,-1.2996652338494994,-1.5775008849759726,-1.844562326637524,-1.9772796073311167,-1.8385509334780905,-1.437474378135458,-0.9623825712890223,-0.5271551449997174,-0.08419313346119564,0.5385714370513389,1.2275343230498497,1.9787862645187506,3.172159971231383,4.4893845716344245,5.115360779859366,5.000921216828587,4.7593537359266245,4.895461047838559,5.54741079644299,6.8361883390608265,8.548376447466671,10.190373670390729,11.328379645623405,11.862125206566555,11.88033615549027,11.593897731626152,11.167978527428236,10.728379794324441,10.367949595915041,10.126208405513315,10.050535152263539,10.106471905601902,10.179395389170791,10.193068196235288,10.155536421314055,10.10107693435926,10.008878210991268,9.890826165623253,9.855774096764822,10.008505863116644,10.075131504756362
152.88404846191406,1.1284942626953125,9.708126757176665,9.295709722713587,9.37099039483235,9.801717311314787,10.365510566946394,10.811436484870455,10.74699182027856,10.07963748606706,9.24303079163555,8.99624425810792,9.447234736939402,10.099731872261867,10.29946796655458,10.477664932782535,11.111153751638252,11.709922834812545,11.745411929679422,11.168016276455932,10.297491533488717,9.42762530321578,8.661953214267891,7.906471386698366,7.214551361910966,6.703672866314497,6.320032152980726,5.959395765916117,5.544079671313864,5.0637995481577915,4.531284704708011,3.982365697618064,3.4476054940409435,2.9561053103207215,2.5578161020816923,2.2723101301579764,2.084927993063795,1.973597726085724,1.9235323723119104,1.8900112247227212,1.8368270457518776,1.7384893181615182,1.5921117340613749,1.4168079395795794,1.2255583449803062,1.036849919447191,0.868169258270844,0.7044333051152444,0.5372782256843762,0.35797898640299924,0.15320260133265562,-0.06464841007869729,-0.3011641753075417,-0.5502254843929794,-0.7969163051820349,-1.0524268440990843,-1.3151626158893968,-1.5468008938962656,-1.8047356471806293,-2.1059230180106256,-2.4758192216499517,-2.906893762497624,-3.334668036148488,-3.6149735784298067,-3.638669190769907,-3.4529221966491055,-3.198130725190435,-2.8880655595789713,-2.5476272465838954,-2.0365695704657822,-1.4882901054325073,-1.0537147329081864,-0.44730477223900444,0.3096491263679229,0.6831838515617159,0.5390844066294203,0.16590388641475307,-0.1516582228900628,-0.13692315379239234,0.3578653982128323,1.412288654446657,2.8835341647665222,4.6398590309118894,6.296966426143296,7.601754811511778,8.459433544939555,8.938199329018987,9.108504267384085,9.141989901144315,9.11742314601507,9.07970461793251,9.136745892421061,9.258358915734444,9.371549129236815,9.363224415025778,9.179675699451703,8.909185503718877,8.704269245758558,8.680662632540306,8.821144544593261,9.05457453168801,9.130112443651326
154.01254272460938,1.1190032958984375,8.791480284260052,8.531851148646966,8.492352281349994,8.61489918315874,8.797686048156748,8.999962053918269,8.807804437512562,8.029073525375487,7.396005518552016,7.435694706157782,7.908060817500064,8.305822554748651,8.284754173197772,8.289872096290113,9.021836665822464,9.96583944773897,10.089919129759304,9.508165870857765,8.712870714737235,8.072118976463043,7.742480855215424,7.329736370973224,6.796344972388798,6.280946384771337,5.881315338679647,5.525458520854545,5.138665862370591,4.691463605032567,4.212824841564096,3.7469133163687687,3.3052933434722513,2.8666300188397282,2.4525456305642592,2.0944077657149345,1.804042792252961,1.5608115009433516,1.3405567575486672,1.129954598612056,0.8922610850678405,0.6151294526337141,0.3539974595777831,0.11326658497156714,-0.11705645860834396,-0.34171124418606436,-0.5536230550910248,-0.7598716976101982,-0.940807864545942,-1.1109143747474666,-1.2798151822714403,-1.45136037669107,-1.609259992974369,-1.741037238479429,-1.8602709858805566,-1.9803236908647535,-2.097761256996783,-2.230730710802695,-2.4222640243388174,-2.6853673459538387,-3.0038922307886793,-3.2863571382543273,-3.392889373051902,-3.26782585213002,-3.0293166373615006,-2.782929070799811,-2.5564393374098597,-2.427022954361229,-2.351016795685207,-2.193325949450272,-2.0736303512979455,-1.9986257765047772,-1.6189243522044943,-1.3271579962927995,-1.4421605003805644,-1.8416626122174762,-2.1945219852810265,-2.082245272209801,-1.3898905108562731,-0.16534486429737824,1.4801346906094297,3.4317837347929383,5.208538918581876,6.573228521311341,7.459966560163842,7.930388296379713,8.133390357226682,8.196237095861823,8.181925099802895,8.186015279957703,8.282186155328228,8.416503250088045,8.527248317496456,8.54185487846287,8.337994336862394,8.063542018500897,7.953360222113164,7.994285048870331,8.172196866819565,8.519485822455486,8.815683064253488,8.543961169625703
158.69735717773438,1.1083984375,13.342779424444304,12.998586733886485,12.918520448114435,13.067612788118778,13.194304684812925,12.945504234145657,12.42567827856761,12.065858735154222,12.058000646615852,12.338244356425188,12.706617653082562,12.885481927176901,13.18397857455175,14.039530057977066,15.015661332163734,15.325657754226587,14.82773337198493,13.927330119646264,13.077851141148196,12.485343733056705,11.929926371007694,11.27284348415666,10.707266222744341,10.299823884794673,9.973986393028326,9.61589262063413,9.161724971343375,8.638567682339854,8.090937665827852,7.555341295917516,7.066330434579369,6.672232370307825,6.385160436166118,6.183813495011435,6.043892252658221,5.950146803748189,5.878557161287864,5.8022355816540525,5.709797702380472,5.589122660383307,5.436530328202306,5.275723489341945,5.128316387164144,4.994753944499461,4.861849122134152,4.690813545378874,4.4652502167439625,4.191707410626954,3.8783606360765237,3.5439781368056007,3.2049700561339414,2.8721272011712227,2.5522612399114863,2.2428702533694653,1.931388471754181,1.5902590510820682,1.1842173709544284,0.7036717637707891,0.21881175967966107,-0.13768343313842013,-0.2830491475433577,-0.3099845534556854,-0.35181697711127596,-0.41108666590784204,-0.5013430745428112,-0.5808048137089554,-0.4317212167458392,-0.0696287620347148,0.21489487715744268,0.6893057049347376,1.2939691274401213,1.4809370072239436,1.2368297896400706,0.9988972026141979,0.9469968020073259,1.2291304484975722,1.9325744765981725,3.0503513472040877,4.565862551191375,6.313820688780831,8.002197303672272,9.427897858469164,10.418980245425967,10.982265927829147,11.228331215584099,11.221885100694953,11.085540726693546,10.983072268400463,10.986822989845459,11.10350774857171,11.290318501556948,11.509057088078855,11.747826598382627,11.968897021332843,12.125677312973068,12.239773041589295,12.372023240109344,12.549291574765737,12.639492952634939,12.410503525681564
159.80575561523438,1.109100341796875,12.016148213937683,11.7561129147639,11.745106494139831,11.918981647105868,12.107556019049863,12.258136556171987,12.041925116079813,11.28846228903785,10.605286729562362,10.519113852817519,11.208152663817987,11.66735426429452,11.534351529019776,11.657538172289668,12.396902132068035,13.158824399501228,13.320417982276036,12.886972424877767,12.19141218501082,11.441060811206844,10.693200663183243,9.934532433372317,9.260902553332945,8.755149668482057,8.358149069652567,7.947004722659482,7.4603233207386825,6.923032597981484,6.359311419329688,5.796692919332241,5.246593513020718,4.730949643693676,4.2857633636089325,3.9196975926743667,3.6427854439011553,3.455620040962061,3.343010884498519,3.2635717497914647,3.169112703793459,3.0252951160246093,2.828523371128817,2.6228925022419483,2.450467247230365,2.30595567321522,2.1703051145795023,2.0271816622118006,1.856569706974604,1.648696312286309,1.3777395083303603,1.078537506327848,0.760157913340583,0.4347956880259711,0.10685143097243352,-0.2218027931422769,-0.5593477726564062,-0.9450585910315891,-1.3755536636651005,-1.8048260723351415,-2.1288870419629236,-2.297813269062888,-2.3422761093714883,-2.311913833112777,-2.2896741699524843,-2.2748224729537028,-2.128323243660354,-1.9354733107076318,-1.8588829299577232,-1.7612263140809994,-1.383343699336417,-0.45787819762054116,0.5120806807182661,1.0754348976065822,1.3631370656912185,1.6667406033708023,2.175117667271144,2.933008576999258,4.057628651349887,5.6772902277063055,7.579330747267125,9.30542228144789,10.58747403572771,11.349611126730446,11.627686967338311,11.603443615539309,11.446379569779962,11.261392003375715,11.112883538197506,11.001033301546881,10.908051612468366,10.791947719856958,10.66605032693516,10.695824174106097,10.860689974181856,11.018106590131005,11.093154069091991,11.161313488909922,11.293928022609126,11.417240460695735,11.359864806441152,11.020690891194457
160.91485595703125,1.1681976318359375,10.717393073674119,10.652047277856301,10.826319672845514,11.164112582914687,11.593824179897684,11.670635521376116,11.289237720651695,10.824251657078182,10.750853974946967,11.115174754314276,11.382707555012146,11.462339626059608,12.24331011716583,13.366882003788998,13.769918438908277,13.32762813372965,12.454350238123032,11.458533483918387,10.60292832808301,10.018937200193601,9.46629650771049,8.88450618867866,8.373777621673854,7.903918681586502,7.443871908378806,6.939400342736304,6.395416087038562,5.849382865520908,5.327604816804473,4.859024229720742,4.474722175158643,4.156703216320501,3.882843394709985,3.651272218535464,3.451348455129118,3.2697837258765747,3.096146658824261,2.910666397796029,2.718755713457833,2.515885825875582,2.3094274259633902,2.1070412290636398,1.9267489074510702,1.760632148630092,1.606217051645148,1.4432788201172397,1.2620907542382784,1.0606028363794935,0.8377535632562269,0.569891176427325,0.2583581945436982,-0.07719200044069006,-0.4167682861204649,-0.7593580459121264,-1.1110702738433034,-1.5127025461341728,-1.9467292394777609,-2.331982918808863,-2.5779170765284216,-2.695427331242436,-2.7361473186457053,-2.7709952903549633,-2.8012136311294142,-2.7652987708561563,-2.530546633802452,-2.0621599842963994,-1.4935898114582806,-0.8312771302011441,0.036583271182174526,1.2311117582469566,2.669316018295805,3.5588378571053947,3.929802045165126,4.206686301299453,4.531508364941148,5.0623487921152766,5.789101492707961,6.859391740514235,8.220195413155494,9.552914844209043,10.657299618211537,11.436508712023912,11.82503186773752,11.94577842232915,11.88683084767067,11.675978078806256,11.376272021181057,11.056711861808608,10.71448527735858,10.307750946023976,9.853940478107905,9.467130864233466,9.267392330619538,9.25682482707306,9.304543222238795,9.355311230591752,9.450573653433553,9.585241493418689,9.720464425450142,9.815341671449914
165.7589569091797,1.0988922119140625,13.520877280406218,13.193930761026575,13.136207510272047,13.18950807519619,13.354492619797453,13.407185390988966,12.851495110301212,12.12666560225199,11.749633984577658,12.014316638843429,12.472100454036037,12.678518553151493,12.420517244131844,12.3550214310281,13.000220852275287,13.674245609483664,13.66006699082877,12.948290379448693,11.915342621677835,11.101086276676321,10.773685668031982,10.484868272172836,10.145270200537091,9.854801441977699,9.689445108543993,9.533602567764731,9.247555232907029,8.831021518729402,8.3674116691771,7.914832906785051,7.470568777897787,7.04226171287718,6.6376626129218135,6.278281497638409,5.972842720498999,5.700778949646391,5.443809309937205,5.1960910810343055,4.953961655743761,4.740544425068223,4.551475187307228,4.377624440074056,4.215622989051436,4.060339481370002,3.9156132714968885,3.7815559728352266,3.6303209247376267,3.4422746671484363,3.211045085756154,2.94853569984795,2.6655836750066215,2.373414816419018,2.081856006401467,1.7907024456748522,1.5207462435659096,1.257435668405196,0.9279861152076679,0.5224065430484096,0.07172544649990409,-0.31290202289084856,-0.5199834845190558,-0.5614015394342743,-0.5482177230729917,-0.5493102764646437,-0.5851899136220815,-0.6296936795091413,-0.48103616785615344,-0.14421261065384133,0.23295210324278873,0.8799994994631094,1.9355024908402239,3.076002714715073,4.066226875036708,4.783990217512422,5.361918008126745,6.079160637408188,6.887717315424121,7.945158365128455,9.385662933646444,10.991919967557028,12.502239944158774,13.7459248038454,14.554559029420385,14.878251461791304,14.786479375376334,14.388347290695387,13.81331721944632,13.195568873962912,12.7113979163101,12.432740684738015,12.379853076867477,12.555714116561386,12.898611740111445,13.193337653818457,13.303071789491524,13.168453540518346,12.878382049551114,12.718013075325937,12.794966938329072,12.763724101049645
166.85784912109375,1.1385040283203125,12.744362246814497,12.717909732921772,12.581827232464489,12.463043192575984,12.465390449464692,12.545638554893928,12.292074323818253,11.304051743087403,10.588279470482961,10.645904101840655,11.405162019783235,12.386394461659442,12.752598228503286,13.471747960131221,14.392083681110021,14.892261232202685,14.463342281492636,13.447318797470908,12.326183878932284,11.203998995389334,10.231789364936963,9.509131078440333,9.039640235080482,8.764897362418747,8.522542043768208,8.226958262223679,7.812030968574394,7.312347018261683,6.741595874051553,6.158946015539497,5.617736395659457,5.145675748615815,4.774850671374389,4.461576976147788,4.193413531429121,3.976033388956173,3.801557540108894,3.6701140276503867,3.5160197038200387,3.343713103168715,3.1683198491794085,2.9957667528638563,2.8298821487241006,2.674177109767457,2.511865044567132,2.3454980413707958,2.158114447321736,1.9508602166670237,1.723555774968769,1.4829501674869257,1.2395065660129256,0.9983886921720019,0.7586786021855816,0.5415627132850626,0.32093528020481754,0.06410986383911921,-0.2994606814080316,-0.7577764875884775,-1.1915087695287645,-1.4861924401283404,-1.6303925425488885,-1.694522529567926,-1.7480554471196614,-1.8132901775667782,-1.8524459306626069,-1.7404354688609232,-1.4962012775125653,-1.2476592105692368,-0.9889365438831569,-0.3788688025099316,0.30129305176063237,0.6338859889274411,0.6329477329910099,0.6533123216887994,0.9756763592211,1.7639815001444705,3.0264935083845312,4.785025957596774,6.814025070414438,8.649235947383811,9.993766159242336,10.875831172015467,11.276482112627638,11.325735241760995,11.149946292319397,10.839751341643135,10.531946679902468,10.34926435775089,10.310219268112435,10.323585480867065,10.37336961682282,10.520383489654145,10.807097477030037,11.150120220496115,11.45162482048799,11.650963948496416,11.763160018878814,11.835531198566116,11.866372725468837,11.681886669245523
167.99635314941406,1.1786041259765625,11.398665181676824,11.237006534296171,11.202522877529217,11.272723126192934,11.422027300290944,11.627361227715511,11.703470759655,11.248305539093264,10.815044791043196,10.809412043816957,11.154644888597835,11.350002880734475,11.33753966627837,11.61685025825613,12.265462525760686,12.529981371656282,12.183130459919902,11.465809496778796,10.732323162764073,10.165922426280034,9.684640918234061,9.24060898798731,8.886139638853434,8.559064238563764,8.1812820342448,7.6769660507574216,7.049000220813443,6.3561680461544245,5.662029944366937,5.019625117778815,4.455026390450248,3.9688929345405772,3.546110383630423,3.166768190632904,2.825923101759793,2.5189824973397745,2.2250091852800082,1.9462342156560046,1.6734407471061277,1.421843213163187,1.2038624094901802,1.007804703884382,0.8169620190124438,0.6378492802209493,0.4594551348789642,0.2634401057335982,0.049755133530874934,-0.18488533611806474,-0.4420603442912655,-0.7071291115355369,-0.9727661552176504,-1.228854222202203,-1.4814052765726857,-1.7326143496993198,-1.9884643718420427,-2.2757614551962644,-2.62334725516792,-3.0464115085751287,-3.4559168585090427,-3.7493384348146854,-3.900179696651816,-3.9322444045377885,-3.900878878463149,-3.8082829020755606,-3.5903417949447207,-3.1731333494754375,-2.6177957484842236,-2.0236518026312784,-1.282310058871394,-0.30315059925756227,0.9197912933526615,1.939697957166274,2.201613966902308,2.1946450571283758,2.122569528801579,2.085183893503514,2.2978220007276224,2.9229811400471197,3.9824284635329517,5.221572650386686,6.304836064448324,7.013251888357824,7.3197794521789294,7.338312645016848,7.137712454105486,6.7931933665493816,6.563256777867254,6.558126681872394,6.739566005876967,7.034770038925046,7.389575921298468,7.834502567502171,8.37350679116882,8.83746098738347,9.062105135270475,9.140832189606925,9.225578982848106,9.365294734624538,9.530927916422005,9.52185111662338
169.17495727539062,1.45849609375,9.289841937854117,9.11562011633325,9.172120098119027,9.405863934904144,9.736833508500448,9.816766441031632,9.3079253481574,8.773869603697396,8.687921252896484,9.140832679114325,9.742401959227672,9.839722493097339,10.106799862238132,11.141049594438147,11.740584654181909,11.42175324490918,10.740568171611281,10.020603345359328,9.556094017989425,9.313429375985898,9.042589925621709,8.777033135604343,8.571567853919458,8.34080637875462,7.96718400653851,7.456825706672863,6.868293343521614,6.272747356005649,5.718499520680282,5.229123058240751,4.809971924853902,4.444423443097306,4.121386670440524,3.835753438729317,3.585339773648409,3.371413650133644,3.185525773483481,3.0001506838994803,2.8133746298175737,2.636308432888721,2.466139009961945,2.32062368292833,2.2054723376923255,2.1144410066874406,2.0240240708027444,1.90038500046586,1.7294481907087749,1.5188657238995207,1.2764360928724092,0.9897638278198871,0.6671715917925923,0.3706173327088787,0.14332830303288094,-0.01908135352167091,-0.09505744685029141,-0.0975396003876922,-0.10091551981614576,-0.15722615148271546,-0.23944796502838997,-0.2937518503468462,-0.3024544814746825,-0.22440531722461732,-0.05691109203033689,0.17636228052639477,0.4880350023053313,0.8552760393868823,1.2698749189943122,1.852878753539143,2.6093256893747467,3.1196445836690923,3.130148236201039,3.132757796093376,3.5085926332961623,4.338361430075224,5.467716964773243,6.4967978999202725,6.969202675035547,6.767177579347829,5.977862772029621,4.795289345299878,3.5408169659557833,2.5133759682882664,1.8812249412738533,1.6673613988099665,1.761067543224687,2.0320960755127273,2.3874765574237,2.7406462034544337,3.1332052736671354,3.6546611241783986,4.409085257340214,5.430788171929897,6.545503949733068,7.491052770384429,8.1503563436933,8.556382243796952,8.72761735925887,8.781079613039498,8.822007207009927,8.79324865224059
172.98074340820312,1.148406982421875,14.249532198661694,13.626904366116667,13.323623492260712,13.247636441791354,13.281977244580641,13.544829442908302,13.321232723975461,12.54740388825953,11.958757912600136,11.986146562043945,12.566829254630324,13.053283968899295,12.964692721013904,12.85777986174725,13.68658057125829,14.977582383313193,15.389610741207886,14.715564139609809,13.572215228351968,12.459607768937989,11.776710011658414,11.314346369387527,10.880392688868644,10.64543903760162,10.495569590980438,10.311831507694944,10.014775083390564,9.54909403396865,8.973800152327309,8.353057195450374,7.703923537710781,7.125610723418553,6.631292582213008,6.257610708743123,6.005692663809768,5.826279543092577,5.649489266410671,5.441434403595186,5.217083133569376,4.978188912007526,4.731604504592064,4.488839016723696,4.2488504351827245,4.016725664812344,3.7888366082301643,3.582762840434439,3.3846982148034086,3.182819767858624,2.9766691169373836,2.788045414794318,2.6172200097916662,2.448347987116099,2.275545505267208,2.1105751455532635,1.9713256109031156,1.8199163765562478,1.6635499706271348,1.5317193285026163,1.4313617902584592,1.4013266249911371,1.543344340863682,1.8931086272458022,2.391353412717842,2.9016055657131044,3.3193991940180454,3.683056160853487,4.125722714852978,4.647949928455648,5.214044731600367,5.955197530037103,6.741830246633777,6.986943712359867,6.529463976494152,5.841787509133735,5.326856738190077,5.2554027698883745,5.756346343772037,6.784160744512132,8.271856715693774,9.704345517590856,10.807196737366505,11.583632083286759,12.136525769545312,12.50967854147979,12.723000366405682,12.763953991046106,12.667020430567705,12.52335185829547,12.432320944602752,12.371986794968027,12.305141971509501,12.22753520666436,12.234603318422163,12.314366745885035,12.300377572281443,12.165323598005468,12.085964563244408,12.228148425665845,12.561204902993186,12.79304069060552
174.129150390625,1.138702392578125,12.668573096069679,12.400247448561542,12.230692097106987,12.16298794855002,12.123379816894111,12.185640014857894,12.176488012948955,11.531917189165728,10.83810615006021,10.740810457948198,11.259426440606864,11.716415988709032,11.654000958042113,11.86402160754511,12.667995047541373,13.56185330001801,13.974677540461963,13.587137017619945,12.60705142839638,11.45061031035646,10.733764302989908,10.145756587203813,9.63867347088068,9.387458817240287,9.331266736140496,9.277601939391989,9.066412863453287,8.693960852365592,8.220908268070586,7.6695848353882,7.07770388488156,6.4874770310224035,5.9400748531553464,5.488998916098366,5.1777689991665685,4.9532920587490326,4.762837198296878,4.594199492681975,4.423100820443417,4.230664127701717,4.023519950820156,3.830660185594128,3.663996116038027,3.5151871418807117,3.3703118515787804,3.2202328223298733,3.04611029572349,2.8792979438689654,2.7006555172777036,2.4883068598466687,2.2484223530738108,1.9956075587034454,1.727306768123354,1.4502219810222494,1.156148846487054,0.8411960299954389,0.4757031692209548,0.041645037331504375,-0.445424091557705,-0.980330977310755,-1.4455617976893929,-1.7009511436573204,-1.767863294111574,-1.6691769636608522,-1.4899429183788169,-1.290287142266843,-1.0512411647902278,-0.6447164494892317,-0.05136999182522056,0.5324783097402591,1.1395885601732068,1.9573848826765121,2.664411176163003,2.796036192918527,2.608503390512714,2.4121404538752715,2.4754987774942925,2.978125753252549,3.9844318362353426,5.506797977892147,7.323780421243683,8.99419719119152,10.274808308144395,11.073505173494516,11.471395963589165,11.643038494143907,11.649346306291708,11.50819948332096,11.346084831021251,11.162190295407083,10.95080469669955,10.757740839138545,10.622383337013424,10.577499478705368,10.60975868771075,10.660387056337438,10.76202241128556,10.956915079861796,11.125684904208693,11.044722990936117
175.26785278320312,1.1786041259765625,10.771421635465805,10.549449635711229,10.481733142206046,10.539379368740589,10.730412110626705,10.806748540932979,10.37051440582044,9.748387201822636,9.554347983662472,9.825464684419257,10.186475103428737,10.211750570499298,10.177089952918042,10.89653761179521,12.185054193611215,12.734565545954446,12.310572446750836,11.447017280657352,10.621261635132784,10.007083993532783,9.406194918960864,8.773385239208082,8.248526675651226,7.9166175273692385,7.625009299740204,7.281195142807022,6.878071069675876,6.421954248226363,5.924452600383973,5.399016624290225,4.860977326821925,4.351306354146438,3.920005413250786,3.596414588246842,3.3863904154965954,3.2610374488079947,3.182766326967992,3.1144055932550336,3.0285286903260333,2.9102577714912408,2.7726052650831936,2.629829093001509,2.4848653018594935,2.349101656606186,2.2068078583521302,2.051744987560863,1.8813208440352558,1.6897311432196849,1.4781021974836595,1.2379917066763206,0.9647782842175255,0.6670136380025473,0.35711638643573573,0.03870074678434596,-0.28556356326771776,-0.6738327375944164,-1.1499849788438152,-1.678252039277503,-2.2138326209817056,-2.673216077738485,-2.996125006896068,-3.1524788805550337,-3.160826245356726,-3.0591712173857326,-2.8591933484051113,-2.573952150487963,-2.1609072087359236,-1.4751767352404759,-0.6715720606383625,-0.043622512538309455,0.5634579730496433,1.0359987936119048,0.9388650669100819,0.497139432741843,0.17394943820222872,0.30860584694465754,0.9745547223903902,2.0792028863156657,3.599132706522812,5.380884044659023,6.942725932373657,8.087046757667943,8.81401972858045,9.185673507912767,9.346217520085546,9.395906825734837,9.413776396582747,9.464240936498596,9.556127505666337,9.66213262997996,9.76638235776649,9.869566860672075,10.013256657946535,10.143604489975562,10.195296435881428,10.227609089619566,10.335541998104237,10.482418239612775,10.5060729144615,10.15520117698971
181.30125427246094,1.1284942626953125,13.116975097162113,12.906180624919418,12.831556585537747,12.909933154326415,13.017866697940274,13.104680693077178,12.887904567765064,12.15030401133086,11.392551934747411,11.268617422574298,11.676696807700738,11.875566500736939,11.63172202446219,11.555949301745521,12.186476956445363,12.998176499299145,13.15077242255108,12.657127214516256,11.8738019202101,11.163892981213747,10.65543433164436,10.222847521998863,9.704778632740094,9.156898610724728,8.669233562737348,8.226432515244003,7.769054381946784,7.247560850953177,6.706303829304159,6.174557225863959,5.662310484073784,5.184594614448185,4.75291685219769,4.391908306282243,4.137147263735598,3.942452357488602,3.7960126138438515,3.6686765528363208,3.5417650834047745,3.388516642074132,3.1957507434364953,2.98779339880491,2.7943686026997843,2.6274064161138355,2.4853581768436546,2.351044687834568,2.2035626051009114,2.0334818083905253,1.8306676919626077,1.5983983704649192,1.3384981216649943,1.0715543333577522,0.8110789430800233,0.562775848332857,0.3317290042352609,0.07347257339988439,-0.23403116196603901,-0.5745539857217924,-0.9244806504630034,-1.277205765316084,-1.5108741769005225,-1.4876278035784667,-1.183424599626906,-0.7422950960750727,-0.2656005852820497,0.2662573671037703,0.9256480793003575,1.7336883249426875,2.3479956566130205,2.976098305686985,3.7260498192458784,4.151673891496002,4.057178769693801,3.7265094832715437,3.499541358365053,3.6435753989762434,4.2909125545230635,5.448772965678822,7.090170661231365,8.914179188657993,10.425137090788349,11.383304705101379,11.811547344629586,11.82507615314277,11.648010831668763,11.411403317727164,11.191931521901552,11.04730626163472,10.983031198347359,10.956621368788673,10.941696458531712,10.948176651298015,10.910166688769134,10.837149568733658,10.815874491603726,10.893043071690862,11.001324770378746,11.221476388201783,11.51567244496646,11.405607568697475
182.42974853515625,1.128204345703125,11.001434253481772,10.702460122839003,10.68862103615044,10.759849302430593,10.900856525207164,10.999114344274394,10.461859477586215,9.568689366359736,8.861605093449331,9.106138577884828,9.78996027921982,10.21022703915032,10.278022000859972,10.677425911734515,11.68753238448333,12.528218662663274,12.355716793536129,11.504415319397637,10.473274590625527,9.591400887568177,9.016429098790697,8.560772457449977,8.218163340665587,7.987532026964278,7.799417116815898,7.522022277058172,7.101622034960619,6.558813042371799,5.953720331905641,5.342486291913413,4.7551406055925725,4.226794131780726,3.773408602240345,3.4106810534316967,3.1032296742853007,2.820510130132783,2.5572208299383163,2.320385288433471,2.1134376993326334,1.9101417116878245,1.6905149971092872,1.4803005531060556,1.3039646175405792,1.1529237813412516,1.003317407606775,0.8305462443319931,0.6126521016554383,0.34657312383749383,0.05820307739208651,-0.2495180946770974,-0.5639293234167116,-0.8639483667312654,-1.1444135707431125,-1.3974631794656716,-1.6015474185130183,-1.8316507991087665,-2.126586620996292,-2.4413973684441372,-2.6979203500439963,-2.808278224983071,-2.7145836712437217,-2.4818444840648355,-2.192339027234809,-1.9533996832918532,-1.8171702324947634,-1.654913755907895,-1.4120221476129475,-1.1137862992443364,-0.7605691159401324,-0.1130177064841818,0.7597504282453873,1.4599170233816003,1.7583193512061908,1.9269733386193122,2.305561639258443,3.125310257493926,4.420638043356881,6.2115336313520695,8.496061872380725,10.696545999862026,12.328033012887124,13.282146835259752,13.642203547017855,13.53766738845055,13.118784628921992,12.533103355079213,11.953256066736756,11.439883755253222,11.029674866043266,10.671149652273217,10.367806539176769,10.158229148838977,10.087506922438843,10.053826987428836,10.03992335056839,10.013409134890203,10.08047214703843,10.224578826182302,10.275837520814575,9.971754068268856
183.55795288085938,1.1490936279296875,9.623202789143225,9.438366055120465,9.492308488776711,9.570277890304993,9.686991098734465,9.82021074427429,9.347355311061207,8.604601840075613,8.080741977641548,8.457219679761467,9.054394621073765,9.29723954981648,8.905027481410933,8.889197207655066,9.793803509056218,10.777596069532612,10.984272763984247,10.331001061381588,9.41677025273828,8.489206284305208,7.896236462595801,7.496807258943502,7.104546776905485,6.802936679869931,6.602970104081719,6.458815499164908,6.137704561789152,5.668433283216059,5.127747040849905,4.584391982358959,4.032912057327221,3.4960825326929834,2.9925333647370778,2.560491753221274,2.1667711490445374,1.827556441016161,1.5144402773376908,1.228936919374505,0.971506901773201,0.718748591352568,0.49061360663779174,0.2748073472155985,0.04612364516016921,-0.16250259179636797,-0.3451826777990465,-0.5066949209683551,-0.6746536817710226,-0.8571214099171942,-1.0508211542729204,-1.2506962421866399,-1.4670618327852918,-1.7151022062352919,-1.9849065246152027,-2.265646949036131,-2.564268929501971,-2.8607391530962807,-3.1732433123613064,-3.5317676342156608,-3.897605430508542,-4.219717778404861,-4.385855764489695,-4.372031085108343,-4.195876286376488,-3.9697390585844623,-3.802273317300149,-3.6299049633872094,-3.215021929983189,-2.6845066811287133,-2.149596395328592,-1.5161573414588645,-0.526505790501576,0.45771251807189667,0.823980751750391,0.7011069354442101,0.5628414158061434,0.815171671936177,1.6286926310877372,2.955979611608651,4.768793256681377,6.638821845944127,8.12025235177726,9.108505675549539,9.556979138990947,9.513456440174311,9.113691826791827,8.536102081677749,7.9005821147695245,7.357197696429219,7.0014237391592395,6.837072681026812,6.796241254363112,6.894762412895899,7.301930226861498,7.9411575623157,8.58237624070948,9.032619393276303,9.254314740734037,9.309537305826519,9.370969694659248,9.410610764191652
188.4427490234375,1.138702392578125,14.059577482859748,13.718343279440823,13.633856654592774,13.702449309094431,13.824718218079145,13.71801906686953,13.190978183438176,12.645271729364605,12.514407684724032,12.682222513201543,12.926572514906182,13.037024290918499,13.074997111807399,13.440227640577522,14.186830794624816,14.762659032555684,14.696488899155135,13.981275075893834,12.864799228801031,11.903610864056182,11.403072412912685,10.936764239200437,10.391501879055157,9.921537042537475,9.561093868503807,9.227781543608188,8.822093717939088,8.296489338440585,7.707275478468752,7.121825898972521,6.571372615598685,6.101327619410229,5.738138272501347,5.487626923267998,5.353920686723528,5.28744827223403,5.243396204063476,5.196795276656887,5.128014316881376,5.0141574151189126,4.866341229645249,4.7017136684977805,4.547290805185288,4.4100071504794665,4.263956227693687,4.0769882706274005,3.837908224053623,3.545089336881683,3.2220207971270747,2.8864642428160754,2.5453602966096467,2.197543954876217,1.8325327272190504,1.471157208012286,1.1339995525526718,0.7952933963989801,0.4288655622726756,0.007965041321970512,-0.4636771061228986,-0.9201890588389448,-1.175559535504422,-1.1574372272218778,-0.9152952915343443,-0.5746278345581236,-0.19408240024827333,0.20272502958726304,0.6879242318491,1.2502741923225593,1.544391886405887,1.6788568924246259,2.1052707134656123,2.2329746851064325,1.9515018703839666,1.6077575330629894,1.530647970851028,1.9733968747732251,2.910463233437299,4.239877426042044,5.977830960325363,7.914725943212284,9.580411954001036,10.880093525202934,11.754582658187168,12.328485689650474,12.67677853120253,12.904514883480543,13.08078702341695,13.269003006461137,13.454896047700855,13.61902311388649,13.710679287744332,13.675393549145538,13.586970142377266,13.521470315296058,13.496248222193076,13.454073497691427,13.369619668655176,13.318352899494736,13.253243100606799,12.991123255565132
189.58145141601562,1.1486968994140625,12.707468730080627,12.606318262527044,12.51904917820082,12.467110515921183,12.529397227277515,12.74196376010381,12.505295939933111,11.986528523387419,11.712494090731278,11.94844172948483,12.32540775377962,12.43121903746052,12.2048435725747,12.398583159010688,13.209055685730865,13.84433800731392,13.594598167555914,12.853254574032956,12.034539709051847,11.343652830366972,10.774426908991103,10.233043104295689,9.716250801222728,9.246591130834021,8.79992195355357,8.305022844909109,7.760908116736729,7.186756133939659,6.583525355972837,5.9688982337576455,5.3906224033919266,4.864203109434625,4.402891481109144,4.016766487487477,3.705431337922815,3.4664495027431443,3.2758829628141113,3.11497490402366,2.9593250126009942,2.80033325390316,2.623796865250567,2.4489681082723895,2.2823065000001512,2.1244501974552645,1.9701611439093845,1.8025628270948209,1.6250270582543054,1.424686196236525,1.205075236007431,0.9538999776352151,0.6720445453021743,0.35988949536590875,0.01232952229150891,-0.35436065232308206,-0.714052282709695,-1.0927947979659556,-1.5266970220355836,-2.023719710156832,-2.5546609595074186,-3.070115411149095,-3.482115404564227,-3.729448512115247,-3.717758997388556,-3.515455057801468,-3.1872187403691377,-2.8338378150519805,-2.4562048321771437,-1.963221859901129,-1.221323626722445,-0.7268817075720879,-0.392689649971271,0.08703953042497584,0.30617001152591283,0.028822931703297694,-0.4558543757169444,-0.6033337271620535,-0.148618359264089,0.9083891226635142,2.34947315417313,4.093313010958257,6.0366791232739745,7.703432408984445,8.909564730069736,9.69597301860638,10.222160415685877,10.590291649595299,10.873243906353423,11.137983041753795,11.37753885308614,11.540749092559532,11.616424493736503,11.581657354178606,11.379958601859796,11.040179319677074,10.694837171890034,10.493022588648293,10.46810655804108,10.5668986427291,10.787938112470352,10.901030246158735
190.7301483154297,1.118499755859375,10.658923633504422,10.339983967927926,10.234074836963726,10.311900658110838,10.489808963700543,10.70299053966061,10.319137516719465,9.634825910168521,9.257274743023567,9.354024083981733,9.688793315678062,9.97475541570145,10.074276394067988,10.49940513802154,11.380568816369877,11.945266572196774,11.733989857630887,11.021719160193669,10.1178351004847,9.420173690411174,8.956431386074053,8.399768155053472,7.890192372119567,7.465121871983345,7.082654335928632,6.674441440335262,6.180853431297246,5.614252888378475,4.999472524983761,4.365393472187955,3.7476914016726153,3.1765958258370346,2.667607083844748,2.2382310889986767,1.893619086058649,1.6319958654685978,1.4368318879330757,1.289991382866407,1.1578324058021392,1.0027771004304769,0.7917521762955934,0.5290780936660722,0.27096898676712733,0.057955256164358676,-0.1033278547896801,-0.25569870591573163,-0.4156027777299611,-0.6039189149573467,-0.8364665192515367,-1.122039680394716,-1.448936199751738,-1.7896641972493617,-2.104721858899192,-2.3924069992232737,-2.676083432232212,-2.9975819338704546,-3.386052068539006,-3.832301018733821,-4.295176806101096,-4.669733668215258,-4.796932766116531,-4.606930762707527,-4.1589609725340395,-3.5103658025738733,-2.688865421593448,-1.785158721400288,-0.7513890882642086,0.4768331094792586,1.676032265239115,2.8186840578738757,3.9688170489839285,4.749388912919381,4.8491512409875615,4.550142810313497,4.267390588378138,4.296734071434596,4.786019781281805,5.717258630723248,6.902990936608865,7.989947956392409,8.689927646463007,8.982175126903595,8.957439744305509,8.738659591507886,8.419644377721283,8.048756265932365,7.642859059885823,7.280949895821165,7.099325451170966,7.094207581154403,7.193450478564908,7.388678386935809,7.676165988143803,7.986180059633999,8.216667954555476,8.413511720628174,8.587617780384424,8.789211234017753,9.096050767204822,9.206419773727584
196.7731475830078,1.1186981201171875,13.331724490128561,13.19269448342509,13.145414991970178,13.063827868695238,12.916861475699031,12.808767921631867,12.69507895059611,12.03751581093255,11.242888615294984,10.900270157512946,11.337082417296347,11.857108057549858,11.879213402926304,11.633767112548554,11.968243518502016,12.77428745366568,13.224043102713743,12.920708220258863,12.161253953192416,11.202008145238542,10.475520086646048,10.048721179642104,9.791877035404978,9.642326027375972,9.54729009382418,9.422874082563961,9.157200283211033,8.666898111517032,7.997670582637146,7.271528798119881,6.565709410909059,5.92494075835173,5.360732173134986,4.886339594591023,4.516297171787557,4.240424795027202,4.009000568126066,3.7777756740162767,3.546473676849215,3.329597195510079,3.1085914605933573,2.88465272421243,2.656379054536291,2.4257946948381957,2.2086502960685648,2.004521430090243,1.81070199063925,1.5971093903422469,1.3628242640730839,1.0983343271418946,0.8088302435718355,0.5120515983794355,0.21841150537549683,-0.06560038640245497,-0.34249893148100835,-0.6180505430163856,-0.9135865089742933,-1.2490292158255056,-1.6383466966230371,-2.023701254894887,-2.29749245740157,-2.400548893259849,-2.387902849873725,-2.4079639772158865,-2.485744475915958,-2.465660002225726,-2.2896589273727246,-2.042822210399335,-1.656989669075976,-0.9330691600987512,0.041278545090300156,0.8986482793574011,1.266544479668124,1.4535936851812168,1.8227080666552908,2.5788010150650105,3.831003053139594,5.598954078559313,7.714286283213135,9.819967434060604,11.592789607418394,12.909990673174404,13.625099117577552,13.93359717900636,13.822218226288298,13.409948858612948,12.852628543988706,12.29880647682705,11.836060537545418,11.468360136555921,11.169338568179091,11.011308877554843,11.072309084538622,11.306673717842976,11.572303363580133,11.777650024874193,11.91517169918035,12.038965397222135,12.130677337030706,12.112322859393501
197.891845703125,1.1088104248046875,11.861240628617503,11.573075228498901,11.406949461638517,11.36553503334905,11.462199211951614,11.658605223635389,11.700694860485301,11.163121105019199,10.379769387826498,10.077305838676837,10.468966735779476,11.018866285310127,11.173429762883899,11.277520724409134,11.93991356377506,12.799117246154465,13.172517445398205,12.738508938026476,11.728410872194392,10.638751495484968,9.835743280718708,9.2370154887058,8.724382609930725,8.30406712312232,7.949128135873607,7.558637665558429,7.036164151314699,6.41122798595983,5.714828026964223,5.005776195460309,4.34546989680135,3.753569623617576,3.2438166907924093,2.8285868981802524,2.5085577880778422,2.23570337052808,1.9707931384870685,1.6766795970529265,1.3440011517064732,0.9843770468156517,0.6113854652634578,0.2440328438496301,-0.1046500147278267,-0.4306847350418049,-0.7427204661149343,-1.0405733065353917,-1.3284591978211528,-1.6215869093533903,-1.9141791142575295,-2.202425497411997,-2.486985495338935,-2.7571135607896387,-3.0108600529439373,-3.261978516993201,-3.509628556991311,-3.773409779993774,-4.091211558437162,-4.454411133026718,-4.820550091988798,-5.075713988070146,-5.164529680605757,-5.064049260531188,-4.802307912975679,-4.467530138956449,-4.024799593526996,-3.460771191284345,-3.0038425860709914,-2.6536224197031593,-2.023720301976043,-1.0631049612214158,-0.1838702126321829,0.2531321189523873,0.4065368937071234,0.540945591188809,0.8151660568600168,1.4558330002398305,2.4824611054858257,3.9127768580200786,5.545578417867833,7.028715023000738,8.13466141869659,8.81447228569487,9.087728250619321,9.02645455661766,8.761430146501858,8.494677892892032,8.388970349085021,8.484508183388852,8.712480732807649,9.017539765953837,9.420358703794125,9.963475452643657,10.54452218228743,10.952846079481745,11.077471457772369,10.943595469998671,10.679440269264683,10.419778893153428,10.186991834194917,9.949297778270024
199.0006561279297,1.247894287109375,9.810589527950947,9.738783835079325,9.71852261053129,9.812806732662281,10.042195570955997,10.1519526386734,9.798786166100525,9.22056721972946,8.855059061519237,8.959801955291296,9.380500315326236,9.651134126449984,9.840614187706054,10.434223620502994,11.3048519700352,11.575981165095735,10.966335820797953,9.955016796087394,8.983971605004454,8.30845584132215,7.741063522949791,7.1288418930818995,6.547482925923006,6.029543200037925,5.550913467631725,5.054820258368797,4.517257149560274,3.958601191850608,3.39569191600756,2.854942903189046,2.3797238569874213,1.999409416653208,1.72521253879549,1.554700719197611,1.4599251700047962,1.4008621788736693,1.3382618234593595,1.2410555398806842,1.1012959049011322,0.9158660468394718,0.7025305588070568,0.483876523509307,0.26608379679659894,0.046649515330098645,-0.1817246571940914,-0.4265750952065144,-0.6951484856185679,-0.9762535787421339,-1.2440451878853072,-1.4997348619401563,-1.7462173307031592,-1.992021354213688,-2.2426555173697507,-2.488628616507911,-2.7418048427662245,-3.0557436820844313,-3.4458204673969863,-3.925135289550946,-4.413584332601023,-4.737556888198938,-4.791646684475814,-4.653028375983976,-4.4227375069568735,-4.16718824771533,-3.7991500845117607,-3.0847866207422774,-2.4347555972101094,-1.9962837247558103,-1.5668332375326746,-1.3211078657635424,-1.535447857823063,-2.1231763925261444,-2.420130963525639,-1.9050421435483795,-0.7540168700761953,0.8306963461878816,2.742407647943116,4.729693189903843,6.39934034871595,7.629202249958692,8.473108939290404,8.991297994683011,9.188345464447448,9.129851140521652,8.916504484601038,8.651639069051898,8.421936890834434,8.249559409569653,8.094205257501596,7.955551999140384,7.906595360237398,7.981210644749721,8.102678559584547,8.231079951441618,8.364964503848247,8.507120113947426,8.705111966206074,9.015469668578909,9.340701152786103,9.410732787379459
203.9344482421875,1.1385955810546875,13.236398524139926,12.748811709412667,12.61782009261469,12.803833639050028,13.120060368760083,13.26859015040871,12.851350973507078,12.044591989673098,11.461050886537484,11.5573899994538,11.920029686530324,12.36190968503301,12.623771319815416,12.848271367933213,13.724226453462208,14.747086148972253,15.148256722554905,14.773200072412868,13.89451098740858,12.723436234422785,12.103901061108866,11.564276607479341,10.844523892645327,10.236926317359606,9.797952626811066,9.46450934031627,9.129449230404068,8.688523288894071,8.162529760836026,7.5859062001448745,7.00481682352355,6.464722756309276,5.974923805655125,5.566283067964969,5.246347702566892,4.963912827033406,4.718676676408849,4.530908924296088,4.368104898750248,4.1983490892077215,4.005184922838309,3.79580622732843,3.5854835086065684,3.3878896335441007,3.200064951413898,2.999448710950758,2.759234692118741,2.4967210611783184,2.2186424674695817,1.9280594981837402,1.618751042190924,1.299901073808481,0.9815657924343769,0.6598968954199933,0.35325646907623165,0.03217777512808165,-0.3343467494268073,-0.7809580031411718,-1.2769157456457807,-1.7039055832337437,-1.9332017576697536,-1.9258993607206065,-1.783734617621661,-1.5802974751428265,-1.2986505487285835,-0.978027799993703,-0.6412219240325698,-0.19899282300001128,0.21779557153229429,0.48691387959726906,0.8596788331358749,1.2050188685712666,1.18360277813934,0.9108300267675664,0.7657806699203338,0.9434973057522315,1.5313234689529986,2.487810300354326,3.809840229647925,5.489768437468689,7.260479191689459,8.855273318355403,10.136983264948764,11.06209781409721,11.651117411188343,11.9920882090347,12.208950815829006,12.380919241854615,12.551302888720532,12.709613766831733,12.862230032935804,12.890451126882311,12.72962555097484,12.331723197271115,11.907093431020566,11.66625988246847,11.67323686717834,11.869996413472544,12.2070945606361,12.243812858357943
205.0730438232422,1.12921142578125,11.80407090600557,11.430891679027372,11.365775046254706,11.495324099457939,11.722021853220479,11.962267519699509,11.554281149851121,10.636060956672102,9.89686108069839,9.953745017132848,10.612801015890431,11.230558010618177,11.278899901344325,11.393413049700305,12.274927215510491,13.306895752901891,13.521716250869426,12.990456581664013,12.010877251653021,11.08641073093545,10.457362953630405,9.775993210989725,9.109162317637974,8.638216290078708,8.30860470330173,8.031907258740294,7.665885114517733,7.193616563586421,6.6538957956796345,6.090908351651973,5.519511988285,4.973329875526641,4.505526627642789,4.1295349700768815,3.819795306657302,3.5767464725506852,3.377289403906462,3.190133295004508,2.992101118568017,2.7779402588938504,2.5541250574653867,2.3432197714747782,2.1505228769856135,1.9861453578913226,1.8332189080803545,1.6707950386434747,1.4816077795295326,1.2673052154435513,1.0204103650540817,0.7507756332943581,0.46000495427959043,0.14239313971201012,-0.18790209143749442,-0.5136931058119228,-0.8295620902281182,-1.1627751344445714,-1.5595591367131683,-2.0304593507847395,-2.4819208060231657,-2.831872644481015,-3.0120366519395594,-3.012009583847934,-2.857819079888587,-2.5956375076504785,-2.2985027041616313,-1.9797671209621388,-1.661144527151552,-1.23058179648726,-0.7104013263309816,-0.39470977753226444,-0.04278188433371133,0.34780141486367216,0.28694857129089346,-0.038635099314894526,-0.28737777244212936,-0.14017442946494843,0.5259457045442809,1.6310281282961698,3.133373299973782,5.115884212915365,6.987919599475172,8.548624102757628,9.753930025101754,10.591383254496746,11.132077357469928,11.374618457773352,11.430412814475067,11.367516202843538,11.248795197416678,11.091246704754539,10.90678297411451,10.73641839819521,10.568607709914557,10.438648736373988,10.375689481818586,10.4427322984646,10.5735368478069,10.869654895626823,11.236932511603293,11.197264783598357
206.20225524902344,2.7366943359375,10.826882641736345,10.489438500885644,10.478666624868529,10.518586280611956,10.607006179542253,10.807627688981805,10.39457919379223,9.546098466547308,8.795841089099977,8.879251427484945,9.532317991782351,10.141039297770295,10.304909329858097,10.388922667597223,11.223576232600285,12.236670849756448,12.56323176083877,12.031986257486581,10.965121298704208,9.897961868167386,9.2158556678599,8.757579201834977,8.344089132066621,8.058732244281675,7.858832886634558,7.627072946510497,7.2365037679904445,6.695380056012682,6.0607251671751206,5.406926065390559,4.786338044998726,4.221484113248913,3.729958422604596,3.304105505555051,2.962021007912029,2.7008643594945734,2.4672619557227318,2.249205647115529,2.0465096436802432,1.8597289877154393,1.6754171394129191,1.4783975782525762,1.2833567317697145,1.1121739955978147,0.968954218075026,0.8324739332057167,0.6718563557461338,0.4687828168179205,0.21732514782987453,-0.06509799291471036,-0.36107524675896263,-0.6735608139976524,-0.9798015149945258,-1.267699490253221,-1.5083252305862809,-1.7335746416780442,-1.9862429845457368,-2.2905882074029615,-2.677692912588113,-3.102118222143812,-3.415069476649587,-3.5277370919402733,-3.457778638559273,-3.2871929327104885,-3.000455692767338,-2.586283195906927,-2.0620917051074117,-1.3660546504668476,-0.3437887920225536,0.5625618665764167,1.2909690073185245,2.1372606523567907,2.5980213629085873,2.4404963551200067,2.0389708248518432,1.7937701684731788,1.9761838988116969,2.637405817825684,3.7413756377866694,5.248127084487259,6.874556089787869,8.256371754456584,9.31254324366507,9.958974621261827,10.29280057056051,10.401227505503472,10.338680458630988,10.170945096013389,10.009269895846456,9.949333642305085,9.940224283353007,9.891632492362687,9.663889013400267,9.322033551017538,9.119896435540054,9.114553717606967,9.215204140719049,9.45412453479754,9.939604513768632,10.372513626537573
211.19595336914062,1.1190948486328125,13.718963741362737,13.610591359806833,13.559083665278878,13.606241259334526,13.66594946074484,13.662339464082589,13.5982787004956,12.945990456339546,12.057724424756673,11.461268635420172,11.679976718295213,12.24114993732747,12.340999558804647,12.104955920407276,12.343505590529958,13.127715476574979,13.725286184728526,13.649037209144982,12.982545008783605,12.101034808574536,11.291994620255466,10.65417041941259,10.077001136246292,9.55053384298609,9.095769849732015,8.668865023511604,8.188186591100381,7.618526134566538,6.982817221818117,6.340069776733487,5.754953813077349,5.23730444541319,4.805651588608304,4.480738783928268,4.245201937063002,4.072721463827336,3.9298856024320434,3.790735748398862,3.647538572756164,3.476240722819777,3.2574354746485956,3.0206931150922274,2.792042212250393,2.5806169358917757,2.383172299640403,2.202992316401606,2.0510214978180423,1.9155444965707051,1.7816431719784132,1.619486402370768,1.425625948331494,1.1972791597494559,0.9338083475674152,0.6486983339884378,0.3570067170089613,0.07537045803923442,-0.21857604707755918,-0.5199043627202269,-0.7575458507041413,-0.9125057072550927,-0.982413709012547,-1.0766727479065463,-1.183597597286143,-1.2812033198625277,-1.283442836591574,-1.1033777909507052,-0.6480902708621236,-0.2261437255422805,-0.004323552446748161,0.15456333588814952,0.512160998853743,0.8701037279098516,0.914091118034023,0.7756433930306613,0.7878030794125067,1.0603982375079049,1.6926711102691527,2.6638553274257424,4.040193569011193,5.765995772665272,7.538774859731775,9.126376643088465,10.43706805836229,11.348851650409497,11.911008486029933,12.232601885805748,12.434062768436048,12.62137537721678,12.849408287474844,13.108306526555962,13.309170731935364,13.375724804750416,13.238619600247288,12.849840822633238,12.35533141743965,11.97428159321505,11.814138640389956,11.829644582659762,11.918775207985833,11.876204267481317
212.31504821777344,1.1685943603515625,11.617944229774595,11.469617265697336,11.384612704631271,11.410400563675621,11.58549078046285,11.83998929116772,11.445777804997531,10.739422019478281,10.290554045491412,10.447067363466605,11.030571470123187,11.441440936445186,11.42023248542189,11.463197507127733,12.074664670416709,12.776954995706461,12.864565383934059,12.359899045616865,11.590868791611372,10.816285626978393,10.360583702359149,9.887411611244502,9.320770051017256,8.778451603097938,8.304358211230426,7.865293669893493,7.402758923237984,6.8829265064174905,6.323032272046442,5.759921250271961,5.2222072715266075,4.736519349192101,4.336605020905666,4.020290088565693,3.7644392707213767,3.5507934862876023,3.3526155736313483,3.1611205838847765,2.9767937912271045,2.779969456141043,2.570807933744162,2.350583282734929,2.138102356711038,1.9522601676674978,1.77263677810773,1.6052644212979794,1.4105554860600442,1.1870985019375706,0.9365936181835977,0.6554140585719086,0.3536186595165214,0.031365454450347136,-0.2961047389591393,-0.6282937721301964,-0.9471243189373185,-1.2498071361805565,-1.5751198657163044,-1.9346134470701615,-2.32559443972663,-2.690192062066443,-2.909395629992989,-2.8901260855691984,-2.6256701694965843,-2.208694192178668,-1.8448440075579569,-1.5823156477487916,-1.409601931882153,-1.2415239042969168,-1.083133707276649,-1.0197798187411211,-0.5784633051334788,0.046568732406296554,0.26839706714332195,0.267184172245377,0.3796633693940312,0.8608046422085895,1.9041570566676198,3.41728525962783,5.317920263362085,7.5716382625082,9.784148563482614,11.565132598388876,12.628374308573319,13.117969269789553,13.20033305075087,12.950861374750989,12.451259608571322,11.863535731750217,11.283876610967976,10.735263250921252,10.232394308969763,9.797320361432313,9.559392976704638,9.573672073493963,9.807060562979231,10.140807361041489,10.450201485650092,10.824223303753765,11.333848412267411,11.42792126088912
213.483642578125,2.4073028564453125,10.90722954330111,10.28721831164848,10.054849800152432,10.145437615831213,10.313864165598781,10.641505888130762,10.534343820059858,9.623188629602517,8.993815402528911,8.991298809319288,9.62630511102909,10.117598886943627,9.775175966881031,10.020103071318013,11.226653888276406,12.182663983303128,12.080624091506289,11.255853017160227,10.248699798324877,9.378958914775584,8.751082538334659,8.10980066402433,7.533557528725162,7.115872468131919,6.827856313591299,6.514925677488077,6.104624416804324,5.622997472570478,5.121173000842702,4.630831628533156,4.198904099672383,3.9048485096508516,3.7153140020041433,3.547198473385397,3.392891824320098,3.248477060783647,3.0821092127141942,2.863088919277617,2.6032299706195845,2.3279789851554886,2.054268477474368,1.79488235208716,1.5427258327191065,1.2897431658077756,1.0336166660807526,0.7748545256616155,0.5107022646761483,0.23050829528007075,-0.05610064518673357,-0.3351980625686448,-0.6054739117237788,-0.8777262451054163,-1.1514589410678342,-1.415655678479006,-1.6857947852926296,-2.000638770131857,-2.3399148232194054,-2.6152180163911307,-2.71562715144326,-2.5578729298037732,-2.2443339609297555,-1.888485536120744,-1.5167686738150967,-1.1772250158985385,-0.8693125821306575,-0.5373166485290299,-0.24574197927772212,-0.04272797410326068,0.15539705772632867,0.48229014706433837,0.6784128678931644,0.7001109417118349,0.9057928363004727,1.7171509742071498,3.0538944291364594,4.81305094451757,6.9314091431762614,9.049235700867934,10.685724948212124,11.728256541556954,12.135153948855674,11.999260763236506,11.497199045685731,10.778097115451054,9.900961060266127,8.938477136628068,7.997624336384851,7.182349735733974,6.617961996926237,6.387454970277048,6.567774866250952,7.214204478539722,8.161094655014995,9.108991043271617,9.832784104338842,10.260507394395477,10.393613748983265,10.444057682626593,10.454337337476586,10.24454810774912
218.21815490722656,1.1287994384765625,16.13440700726132,15.766088162138665,15.598765625702185,15.62740687120075,15.753593972819575,15.951250419633286,16.31249238760848,16.089023420173177,15.207483410863658,14.888252005137597,15.038999003955839,15.536028308807083,15.53424495463625,15.360993233067443,16.03084700165615,17.33046677363261,18.160679601923142,17.972814972664114,17.118268432922637,16.118897606210684,15.171359969599798,14.310310691803071,13.548634366589557,12.998743745901722,12.704134981197779,12.430611873290873,12.064291025613613,11.616840448640575,11.10449830459781,10.531551560112993,9.925668752413866,9.317266056113516,8.76970599184771,8.278804521855518,7.841427528702388,7.449129186507816,7.119874385016857,6.815056247534211,6.519923745013224,6.2339635670369224,5.951764122791904,5.676877472430808,5.417976464983717,5.184794158983881,4.981838775768542,4.787713170047719,4.571753988985469,4.332929289042383,4.070213873488423,3.7822495405973076,3.4662594073768465,3.1267593759024237,2.7749670974938097,2.4213922195995696,2.0727610295049375,1.7348034321396357,1.3962771276731318,1.0363377932337454,0.6397606605503443,0.2185004154297553,-0.12101701503383627,-0.21584209793074757,-0.006403916314741201,0.35397573360383666,0.7531217509418966,1.135528073772903,1.5357208147502412,1.9992757940579677,2.545625736454533,3.069603936921958,3.601370990399516,4.310382434673674,5.112981275705304,5.565766320816971,5.551546481390757,5.265405208512062,4.9616339244675,4.874557879953922,5.200709282398903,5.958409968705562,7.111542880703818,8.564977286666071,10.066797125926227,11.437478340414724,12.528972565870447,13.320164729127107,13.976498073714401,14.451404223564937,14.752330786099758,14.88602473415953,14.916270653346652,14.88015996823148,14.707302649393673,14.323726452189057,13.927473232078846,13.677224015563226,13.595407991411761,13.624776320432103,13.738061315280936,13.848611327525475
219.34695434570312,1.14849853515625,13.729496135559861,13.364206084555288,13.055229038576137,12.955274910033594,13.075692967033334,13.3954056316816,13.432504151595529,12.789946944597567,12.150088380818884,11.996859636576785,12.283168121273205,12.513053611408642,12.54860164601443,12.57301736011396,13.114959583508464,13.998776422848659,14.498241624921889,14.300316591774232,13.70568262733414,13.075669886458936,12.620448321121648,12.211477345395311,11.672631178141373,11.133384208026127,10.658641893008905,10.220147226396794,9.743367529912682,9.18487954450369,8.61571492051474,8.087175618336817,7.570082814691251,7.0777869277353735,6.639625475209658,6.24464604931483,5.885874454995472,5.553708939278552,5.2460709967847095,4.951940495743811,4.66056995765341,4.3696606322350755,4.074229588700589,3.7725460662516666,3.466943671832781,3.173603943058951,2.911606032945489,2.6705032968100686,2.425932508577007,2.166085992077988,1.8821371826912754,1.5772066624725614,1.24839190179588,0.9105618238509701,0.5832833023303703,0.2649561370484232,-0.06607831203486852,-0.43092288533956224,-0.8474467488410767,-1.331417733531001,-1.8468406836485705,-2.2607353990792753,-2.46003170688394,-2.448090069497414,-2.3088562819311664,-2.117107527176344,-1.88819602008602,-1.5888794142290137,-1.1742911062810866,-0.5542721110958619,0.26004736044908183,1.0050146574931849,1.7923525389675543,2.6548983828983728,3.1517608701400013,3.2062954872704745,3.1809787447736926,3.309197881807288,3.771693955432238,4.810802782583859,6.383294088866577,8.30865673052894,10.184584850016174,11.701126432222914,12.727052963129685,13.293770913439584,13.475884918776018,13.389196892934187,13.151414368360822,12.856568100678922,12.563418137462001,12.310394133951894,12.130493497843528,12.049487907163938,12.075524751707452,12.165460934564312,12.249259742191956,12.337993506132259,12.463052371157042,12.669955158336725,12.95582823036231,13.048605121698934
220.49545288085938,1.198699951171875,12.663550175706925,12.066706788054441,11.842494219462376,11.774945326508607,11.788795400461963,12.022515533312683,12.142941281673341,11.42148797588146,10.518389852322812,10.219875890403554,10.723896672509884,11.416169374864703,11.637828581517264,11.346133655736821,11.45278623148798,12.281850854948578,12.991320839431646,12.925429677092792,12.136562686871418,10.995262267474624,9.933099500517729,9.326267430594852,8.985780786838463,8.700809097396105,8.458227677669546,8.173055776212491,7.795882101674811,7.281853672594025,6.643233964839847,5.959400005431968,5.297620627578277,4.688481554992234,4.150705843152511,3.6980968524948343,3.36297396670386,3.1204807591260897,2.93119646928638,2.7781666984108093,2.638198789269786,2.4791069267069963,2.274148375934277,2.0414359372578534,1.8224039736974285,1.6338979036274366,1.4649103616219485,1.2871292351765249,1.0850021466879474,0.8561810358560352,0.6022615192196846,0.328814764678231,0.04492832738505398,-0.2421287605830233,-0.5372740493548389,-0.8380426757551553,-1.1208683482142703,-1.3836060976490523,-1.6592634138866136,-1.976618605991565,-2.34415440587573,-2.7467641374461325,-3.1163195393756915,-3.3164185885945545,-3.304803082600265,-3.110257482117724,-2.809197868382401,-2.4720341481717307,-2.1148654598685566,-1.7281582729736364,-1.2195549340503107,-0.6977050973203904,-0.29605159967811573,0.21883519288481407,0.81798143155892,1.008760330587939,0.8573706689247919,0.6770568111061345,0.7783709381394389,1.3275886901675595,2.3382890048991882,3.7846609628175383,5.690426326452349,7.5995488226793375,9.192867906443272,10.36262032612108,11.035487673562216,11.310751862401505,11.35001170494912,11.261094850236361,11.093626319800785,10.920602585475699,10.825421341584192,10.778170040847039,10.714498215394787,10.596308173177505,10.51985530291273,10.549450756940944,10.631359844008301,10.788262750051432,11.01130244123822,11.097487697683048
226.67825317382812,1.1287994384765625,14.329605066536697,14.146529157274875,14.144383778736167,14.167097106044382,14.148199538884702,14.198485216641561,14.156816998182812,13.560828130149236,12.763599301698967,12.395097805475313,12.648018074957212,13.147892847585664,13.159709160230056,12.929388596035626,13.337995796634724,14.244754880953783,14.827710925689749,14.44754265176239,13.404236947288874,12.310876005669645,11.448196561076568,10.747898712378298,10.134453435186408,9.732893273021661,9.537584429720331,9.43311829211368,9.216100626612779,8.85866521580788,8.395007483203033,7.876640306443191,7.325756337335405,6.7940638436181,6.342112469241715,5.994468447618101,5.739471165899489,5.546753938286716,5.387019271555339,5.244333503357998,5.106247709322049,4.956828254999294,4.780968092024921,4.584594758688753,4.384589802209714,4.191469748353618,4.003124305546003,3.8069804323363354,3.585592709404737,3.3263934845763,3.012276748988287,2.6531163058343434,2.272565364786671,1.8982670313390049,1.5328453675781772,1.1884646996437933,0.8592419366889397,0.5176499291962176,0.13152671424350654,-0.31052468318246285,-0.7682087484764577,-1.1222109916042786,-1.2793043834594033,-1.2583209045943966,-1.0803012046428673,-0.8136824174603207,-0.5624243215329403,-0.37758835937302365,-0.24300784223386962,0.13185072441734436,0.5792862338039207,0.9193707355698422,1.2804647537994818,1.7103853572931074,1.8786051025366786,1.6409058896309754,1.4065495833457462,1.792167718666037,2.830176542345775,4.327390451786201,6.316765492521986,8.719062530566054,10.99594528701186,12.74873003708883,13.908987463747783,14.498375647230716,14.686266124979756,14.628093821610301,14.408680204211738,14.119256741603984,13.830151172975201,13.58153058122863,13.373920721250366,13.184645363595767,12.922462992685025,12.565164368130064,12.219489090337825,11.994015306739042,11.936806954285462,12.095765998412293,12.41484432241215,12.47423455048749
227.8070526123047,1.1488037109375,12.223940431385765,11.977167560192525,11.930350400895938,12.037253085542705,12.209581319720726,12.322966566965402,11.794025126913619,10.91882317523284,10.247526041343487,10.233654901000959,10.660556227352318,11.031855308391462,11.05584095147555,11.131084918807936,11.710249306811363,12.489827643102704,12.746627241551936,12.376668712759411,11.660479409689477,10.863460302697145,10.24351086368337,9.700440974587961,9.176672525994697,8.745085610014932,8.417687872613781,8.1000294511263,7.7084955882184545,7.219390797418048,6.6769005175117915,6.127456115306653,5.57710441058665,5.047203724147693,4.573677828768611,4.170796513846519,3.837702749584672,3.5569461920628176,3.312846673946212,3.0945185717223946,2.889917093386847,2.6843368322784493,2.470588834104616,2.2540932188841767,2.046247095456134,1.8586631803830842,1.684557593600967,1.5053401664968744,1.3177124275182435,1.10660695758329,0.8713674518767571,0.6101364552471542,0.3257277994795633,0.01826111109442982,-0.3003666333306018,-0.6152543596805795,-0.9386987982330777,-1.259719842246015,-1.5993909854637829,-1.9624953743697717,-2.3607275898004896,-2.809326059613686,-3.1878247435716034,-3.365968021808328,-3.233027647415489,-2.9092472160531706,-2.5178462134605804,-2.096455670908609,-1.637236034977805,-1.0379854897333938,-0.35228741445126,0.1263426782857505,0.6055757829533972,1.2437671400161194,1.5231898432470403,1.3726675641498485,0.9969386363997659,0.7572983806160823,1.0168781167370364,1.83945556521782,3.1257081313002733,4.8212435759012475,6.82210651506099,8.698201704280581,10.144136760101087,11.075666051883314,11.618062631687105,11.88290147215854,11.979242933670491,11.988456257520848,11.940017800552996,11.832991421211908,11.683342856513645,11.50872735259978,11.245480061004535,10.883196224438553,10.569953213216149,10.434157106186355,10.424355422426084,10.535531959422519,10.76201534644027,10.764409034128061
228.9558563232422,1.25830078125,10.438773750840753,10.098954368326227,10.025475215859911,10.134179895502248,10.394469860026534,10.453235385664739,9.77291879461824,9.059288789368809,8.670496481980324,8.932811789495904,9.398780822097166,9.748988381122084,9.855391882735013,10.287206019607817,11.330593199174796,11.961362076689285,11.740111111117255,11.105175784891138,10.371518111283947,9.853901321250625,9.454328111947422,8.974330728070436,8.52320883919619,8.132659803151393,7.785941710655358,7.403946785696309,6.934132157131464,6.396550864962194,5.828685614408078,5.246518046873608,4.712096172611761,4.249027628169935,3.8755477540889314,3.5830375622237027,3.337401828799789,3.1197812008188825,2.9161760615045345,2.719939515622609,2.518623314671589,2.325632702696474,2.1271765796729682,1.9221466416693223,1.7185543564870511,1.5253546005013199,1.3417117270433165,1.140903440192508,0.9256675538347088,0.6946778526898447,0.44809000381958847,0.1688733838296035,-0.12447009395418338,-0.44195865675703594,-0.7681953828747666,-1.0664818301994714,-1.3398735887373994,-1.6154231276767665,-1.9269306095572838,-2.2897857965283213,-2.671683420587135,-2.9763857402130367,-3.1477894781280584,-3.1850245350378183,-3.114672013253943,-2.98060713763197,-2.7980796270465467,-2.585299980350069,-2.3001439295273047,-1.820806603585401,-1.1421675675920073,-0.6163599215349302,-0.2441655992872674,0.20271614729855247,0.34475437524620095,-0.05237477154900619,-0.6643095431627288,-0.851681870750039,-0.3181712125866416,0.7703381379110417,2.334651658315602,4.371132001467489,6.578693303765119,8.3416299068516,9.614657245759755,10.423532756258705,10.82921179357425,10.992016134506878,11.004577974280828,10.92970812406589,10.858866985432288,10.848626676727433,10.877057919868243,10.853307908163686,10.776420648849067,10.704047598909677,10.703837929681216,10.745833707667146,10.770601613858267,10.823789110448125,10.95807932972958,10.867225953560324
233.91964721679688,1.1486053466796875,13.955064614443314,13.754265150085658,13.68605867311788,13.676209241146248,13.764167822577194,13.657607896158282,12.992925515731189,12.264398502603449,11.877097640606456,12.25844750072521,12.84678960571875,13.2199420245872,13.244785106265056,13.460612553483614,14.289109001459138,15.158157871802533,15.287718210939671,14.726964508096678,13.743979962936724,12.81084835262258,12.219321181900012,11.651924193640744,11.17121465299465,10.855085006760286,10.613681154912534,10.39092795214284,10.022853698506557,9.530765587972674,8.973205158976514,8.389181522458058,7.819175965303973,7.327357170884593,6.946010985462732,6.6835060215745745,6.503984691329096,6.36876595884741,6.244140814942757,6.117623991216161,5.960321443601567,5.786662353601738,5.593667776734376,5.403265516444067,5.228759580150388,5.0717110089166075,4.899957959490093,4.707716017136177,4.4798236170103065,4.21610098677458,3.906239554202097,3.563312736364205,3.1892322915527753,2.8098855642862044,2.4473400026447227,2.1205314077317716,1.80918092689653,1.497038188018183,1.1464085388586491,0.7395606005082079,0.27050676354347064,-0.21155337792081957,-0.636598612917447,-0.9335395859132928,-1.0605456040046468,-1.0312947245575765,-0.9247008900638085,-0.7576304819239297,-0.5298057373132085,-0.2447749508635071,0.4350221713852631,1.2194459107495519,1.6831412382324262,2.077095668622969,2.2748622271188976,1.9451626212747204,1.2060915178172973,0.7904840998660662,1.2555267165176218,2.374096729775076,3.974018660305226,5.9801325529202565,8.160415238900011,9.997163776833531,11.35890330405391,12.252666482952035,12.796617370883702,13.149932413318153,13.412023578599577,13.673315183772054,13.962958787747882,14.239327822644052,14.431045241822,14.491085550018035,14.391069609834279,14.211480666121222,13.96616290213016,13.654213276260442,13.342581890217959,13.125407258564625,13.024045412578849,12.898835617568453
235.06825256347656,1.1089019775390625,12.56708957447158,12.398183258327773,12.369936055580515,12.487004244768425,12.722278378014117,13.04984979193906,12.713296585451836,11.910433266843073,11.385037036045572,11.446272139313256,11.904594553785307,12.175480283685173,11.920727407153812,11.763315962566427,12.363402963898553,13.2364195254352,13.550516127173013,13.230643661998425,12.562330177754252,12.00954951348829,11.725322483616392,11.29046590823006,10.747601180719078,10.24662395481661,9.765724577457382,9.320530361133942,8.82362635557229,8.27234250945997,7.683451192974572,7.0980243559693355,6.495512793172256,5.913465346017011,5.366969295340606,4.872306914922651,4.440184009538783,4.07768978100762,3.770600355100504,3.51386554199542,3.28620030095925,3.0773656623466543,2.8702684325486736,2.656314120309015,2.4275465778337155,2.195006654098705,1.9955340383565787,1.824345140100557,1.6448536176585684,1.4542344440367045,1.2368922513150096,0.98857989044316,0.7265023456148025,0.4341886971912354,0.14849822363162904,-0.1409121959439801,-0.41495688058813807,-0.6874492997302444,-0.9960247890090665,-1.4224743728925362,-1.9283907925507573,-2.4129473735448093,-2.796882187767381,-3.0676775512044534,-3.2414994781552413,-3.296972879333855,-3.2074426112722008,-2.9153661350540303,-2.438940610111381,-1.7415449173299167,-0.6448434385723727,0.7021153694385859,1.6903549760435634,2.5770370929226725,3.52308911167056,3.930025352709445,3.791532068595294,3.5941387019653073,3.6298473996941487,4.026938327334975,4.813846902179367,6.129563249671416,7.780910555551462,9.33197279220788,10.56023506437764,11.362795493625143,11.734091664935283,11.757414776096113,11.582675971877075,11.32525972319349,11.043254071874205,10.806241524723891,10.645867221040838,10.566700057045946,10.565397308360462,10.696113220583262,10.941137897921738,11.172952059068635,11.32117881227165,11.47078739749445,11.675520254369754,11.797162527793041
236.17715454101562,1.1387939453125,11.589185732356825,11.115112242810707,10.832218821103064,10.852909767952562,11.058102517684748,11.293414003980114,11.416041175433893,11.353515303608189,10.552308310696827,9.582364503431831,8.92830628134089,9.036608283938882,9.608069770216975,10.13294129336327,10.347080957512688,10.590425810492603,11.200907547306935,11.92202132499019,12.297986494812898,12.012664504945482,11.211158369631379,10.206537185059403,9.364046779799429,8.633374939510192,8.062522452852082,7.731212898741715,7.546551979190691,7.3825779805819,7.060476840512879,6.541166649936743,5.909530456198662,5.213668079082115,4.469320427747321,3.7349538238682976,3.0504486809450455,2.4533128241365656,1.9671131230888033,1.5996547018231855,1.3150820196214517,1.097750372744672,0.9249460645703367,0.7621705403136321,0.5907264200315323,0.40530359802918847,0.21495891255712068,0.03781755135240167,-0.11520187540379269,-0.2772308124215733,-0.46573321961404684,-0.6739824951731443,-0.9035739826764084,-1.13570734639539,-1.3792044695765888,-1.640055082779718,-1.9142457535179855,-2.205274096948073,-2.492923976263814,-2.8116679317957756,-3.194353978788509,-3.637621507755143,-4.113553398395135,-4.536508976673552,-4.800833066443569,-4.807694226788836,-4.618442008165979,-4.329447026877034,-3.8912314481704984,-3.296000230416112,-2.480277230214005,-1.4440780977276964,-0.5143453497147681,0.4910401397107633,1.6189818753402798,2.155072296515058,1.9959148976031713,1.662635580203751,1.5266730804471689,1.8339145239688825,2.6883689539783813,4.084802479928707,5.861403808818201,7.5498654551990665,8.659466192122853,9.214136606107386,9.395095985587153,9.337895733147,9.146486828685246,8.934371104308019,8.806004958049693,8.79395953116541,8.914652567007884,9.16872186651958,9.451925183236893,9.669546812804473,9.76331540611186,9.803752147993297,9.843619188917565,9.845914161658953,9.87521871031103,9.999184692072102
242.1604461669922,1.148406982421875,13.919607715091027,13.668529818563789,13.542578477279843,13.528423954010456,13.467004834357805,13.380392410073814,13.355693528687663,12.867491205190582,11.968513782395746,11.538577189712276,11.612036031577853,12.1228778765275,12.45146842999687,12.467884218735412,12.636764386620245,13.31122742424228,13.977742771211883,14.00220078054955,13.521155641138055,12.765342527227391,12.031364094612908,11.495786055373134,11.035650900747576,10.588131868748809,10.17167652982743,9.786578786498795,9.384578812201106,8.903345730662407,8.350026900092185,7.7752818128244865,7.2096837446382205,6.690431331382755,6.23206407619313,5.825793422360828,5.4705191128563815,5.189885507973064,4.965416191444577,4.759772798077205,4.548754611266946,4.330413193604306,4.091749692329627,3.8342176253666156,3.5750880341822038,3.3288262576841716,3.120128461316886,2.9404755728173755,2.7469684834608885,2.528982884453314,2.2788855301733224,2.0088374583234256,1.7200409652228632,1.4264761747120693,1.132643273331556,0.8628206634716712,0.6258211009338921,0.4149404322870112,0.16589416282306585,-0.11440469977409407,-0.4279644597915633,-0.7602447039603406,-1.0048470174240365,-1.0708462456559125,-0.9485295258394776,-0.7385408206240328,-0.4842239082410842,-0.2221772391507466,0.09038598332567713,0.6306690244619853,1.3533924368701984,1.9283103952751275,2.508422886713839,3.205515517435047,3.5929883337225736,3.5877145106313186,3.4784450853843425,3.517622181895996,3.869498527284259,4.714789022695801,5.984055758719274,7.614043389323344,9.26613484684739,10.604747522149331,11.526013921873266,12.086912194609022,12.335170281397444,12.274440359861705,12.040345680832646,11.751884618438062,11.485982322868143,11.285352870704843,11.157118279329152,11.13019209761188,11.25790716075166,11.483295208629931,11.686004097011963,11.772735678251319,11.794663392457897,11.895738279134083,12.064188921511416,12.120068847968788
243.30885314941406,1.10870361328125,11.923587372582688,11.568294803515744,11.382893135983274,11.320287588098376,11.35721051987851,11.451877955042935,11.380126124774337,10.796219546639891,10.184903821615904,9.970819282964166,10.274256956336192,10.695823398911386,10.782463111830543,10.846719939291594,11.554689764954908,12.472444220594516,12.64085400164715,12.12180285010129,11.331557255918412,10.545890892914858,9.9327503456835,9.36884043479451,8.843554130705911,8.401416541601577,8.041436558152158,7.670254240468989,7.248742917745504,6.79269919363399,6.299425081111758,5.7745200629593,5.258763477367708,4.777776492989638,4.352991025512248,4.006618878401497,3.772919790126025,3.6105194909415514,3.4887932832585364,3.3727693981544062,3.2225727658428722,3.03859805346109,2.8168645588257246,2.5921362236889056,2.3730577806571507,2.165004947326991,1.9668965889610395,1.7697925052687846,1.5664183240639868,1.3465030272662097,1.1116843610964762,0.8564549274237154,0.5871543676738877,0.3179196744479931,0.05320939386200299,-0.19931311535165103,-0.43479346173061173,-0.6944109167222227,-1.001512779720778,-1.357791645948941,-1.6797846315343532,-1.878884421920473,-1.9493471507582592,-1.9513835705973157,-1.9178254948450386,-1.8482807024731789,-1.707756238060362,-1.4757799592134546,-1.034532462367119,-0.4810377118308169,-0.12752038041321387,0.15885229385719732,0.5739155738577525,0.9495071901296366,1.0813138186843911,1.0365523116317146,1.1102555871424844,1.4441259718602646,2.1329405689275243,3.2085067299939345,4.69133642001636,6.350881852092296,7.789289758780804,8.874923084852206,9.626097479318313,10.045098524830285,10.204854750499123,10.212656534012268,10.186081983194642,10.221644995470491,10.351737106936021,10.564798766247051,10.831378473620447,11.131400326417355,11.416658570034835,11.561056582519665,11.502626278648385,11.363158516372902,11.302380909296572,11.32141346419441,11.301550827687675,11.033386055328616
244.4175567626953,1.0988922119140625,10.731089727162125,10.468997133797037,10.357637108699722,10.356266914376501,10.441926119499058,10.47761236572399,9.947659087105563,8.845177834266906,7.731870749100365,7.207919381623942,7.547412775409375,8.13315450870633,8.630276718570594,8.976748310505698,9.401621388738866,9.966641241658833,10.491920306316272,10.659838260347508,10.281372158809486,9.403519167821226,8.590210671741557,8.042434376562664,7.679466896006014,7.516213479772626,7.461316580378686,7.41580611661564,7.231092417055434,6.845054075245551,6.283581290546072,5.644774173796651,4.982519347180297,4.323500964946897,3.7352136706133847,3.2726555347657045,2.9523954203176808,2.7449926134157083,2.600058289887055,2.461726412273957,2.3128235727527175,2.136731447962732,1.929841187224266,1.699490001331567,1.4740227366872476,1.2721433757575857,1.0882762242048778,0.9028703770800427,0.6876463927022328,0.4403555042242753,0.16792210065626034,-0.12022548675341806,-0.42109925552119853,-0.7297653399293004,-1.045886888737822,-1.3483050016511042,-1.6258735461965865,-1.8749257513272986,-2.1666219708313204,-2.5299344657413685,-2.9628176943645324,-3.350012186952092,-3.5729151424915377,-3.6253696227971766,-3.54912630475266,-3.4358584153067264,-3.3548284937258357,-3.208351172571191,-2.7890293441191902,-2.251416108979645,-1.8109009778177114,-1.4002400104683186,-0.7389314472958253,0.021181803148581868,0.4107881675655884,0.39695253316824713,0.38229881929486764,0.6319128917869834,1.2781819365543945,2.334627902897609,3.8554317853923052,5.643914411281341,7.30784118559467,8.525211762132523,9.217301656882611,9.443573165016392,9.29533296164779,8.890932396029886,8.38795763867565,8.008789827182968,7.864554337991784,7.926379589154832,8.165522424111492,8.570346530450765,9.09264849212026,9.578388618645711,9.903958912038753,10.067888811989093,10.13082890340411,10.195883221079107,10.294168167571515,10.259336909062583
249.2521514892578,1.1282958984375,13.964592410634074,13.741416136093646,13.585438321703004,13.537127103909324,13.644260028513225,13.816851851035503,13.473899388077951,12.745440559579952,12.338851309617397,12.51517204808702,12.928350600013394,13.05092918883109,12.91358728939736,13.113496028280297,13.891084759099714,14.662316582252696,14.752437123637616,14.20399302054489,13.41152828790135,12.803496112947721,12.384209619718172,11.859802191175493,11.248665039806767,10.695500904606076,10.236260910754059,9.78628785206375,9.278566216443311,8.725077147862686,8.174527356596986,7.656768298734314,7.190867543495802,6.792120421787352,6.467596885918024,6.205922015780989,5.99338476471029,5.814710269416679,5.645457643694259,5.465362373135739,5.265278293854323,5.0476150103187925,4.818599314971258,4.59040544039424,4.381984201412644,4.183163847044365,3.965723320812069,3.7145177213542753,3.4311312503539098,3.1075023303470144,2.7503209458003868,2.3708605317593476,1.9829636691020662,1.5931161454957294,1.2153537328522188,0.8483117639739192,0.46141843277249006,0.024706010589485156,-0.4750853612442947,-0.9809899966533852,-1.4163097979322383,-1.6945436837530332,-1.741677409584607,-1.5777808647702845,-1.2841569960814307,-0.9501864147330363,-0.6268028178063016,-0.3128201952367121,0.12373416412886501,0.6158383433572632,0.9398337088275575,1.291458875783611,1.6620813073503766,1.6856538367068896,1.3816097933416671,1.1683293213895338,1.4564442145696779,2.2967743536470135,3.5569197940311312,5.236816762799919,7.234462234482326,9.113089513800826,10.577728644306303,11.600583227332844,12.252386600394304,12.63616802734759,12.864458630753287,12.989526745079743,13.049737521335707,13.096212525858734,13.135854354933779,13.11721235528311,13.02001388512085,12.884955315797441,12.80410895611457,12.779830797443735,12.777045025032498,12.784394505115932,12.851743789430675,13.009680137147111,13.128371988327162,12.960345957556264
250.3804473876953,1.148895263671875,12.627402935211645,12.42981972774731,12.4250276854803,12.532433078594401,12.7690475333705,12.817616133778442,12.25083889569616,11.472748641547156,10.954165603570555,11.010708313423779,11.229006256275726,11.351216439000176,11.260824436705098,11.218847148103622,11.670660948617359,12.400919291554487,12.787436882947253,12.655782481539553,12.087410993100788,11.381824707903736,10.81205332862767,10.303064706259002,9.763510889373663,9.294709040004967,8.932118830246168,8.575822506409365,8.165365738389175,7.673459567274778,7.1185229983485305,6.5353081731037035,5.943469988180458,5.3894963789407235,4.885255375642929,4.446517810939533,4.094515215668204,3.8225939298747504,3.6032637007253214,3.428594161166512,3.2731074567305267,3.098277129754471,2.8951944014083524,2.676560155114618,2.466860339348301,2.2791907470942983,2.10107155652166,1.906320755059509,1.6730548306628035,1.4146871482198369,1.1273830143792885,0.803818790704983,0.46537986218337646,0.12228969600946205,-0.22903214719389248,-0.592931457846589,-0.9524707564103052,-1.3262207381941402,-1.721349277268324,-2.1836625848582174,-2.7159227618350976,-3.2468980389730997,-3.6510387673326443,-3.836238954137004,-3.74584162754535,-3.461240338788675,-3.087760451971664,-2.650748080848327,-2.161395291278504,-1.5583556496703372,-0.8059455495484884,-0.2958090206138427,0.21326036595627645,0.8919730015704215,1.2268512026023328,1.11538670289224,0.8305318045975598,0.6912185153295511,0.9973171047153271,1.8272543431024502,3.08888745968692,4.79676261506221,6.643384028667534,8.192429687695109,9.299299300883765,9.996092974903698,10.353590125068814,10.489331026615327,10.508132757112788,10.491801255059595,10.492276960496806,10.521521740743326,10.583142039805784,10.681648690075418,10.749168000135432,10.690078607875108,10.618000608773372,10.642105368570643,10.730434985691122,10.86199974149415,11.000278165513523,10.92262804149006
251.5293426513672,1.23870849609375,10.577292722964412,10.309032063504498,10.2913173287341,10.464194610641945,10.740487974147719,11.00185806371365,10.55897314732681,9.80295874578674,9.338477581523255,9.458255971215149,9.971078250380485,10.358356049438285,10.4287916958625,10.395922168792277,10.92398164489558,11.742795668350658,12.052616248179499,11.736148819409678,10.967217788649187,10.109486488711468,9.523697234960885,8.992975042739388,8.302928599703902,7.714342784684277,7.315356011213908,7.012718370136326,6.65993085523312,6.213522035871831,5.680299138029756,5.110358166345166,4.528279731173437,3.9671870659194215,3.4476240760161776,3.012201242006228,2.6715534939299515,2.399408092777192,2.1863264925476726,2.0268646579918195,1.87126071690486,1.7076107199232728,1.546100698749492,1.3804653681862629,1.2137419585260845,1.0642671043607397,0.9330074892740039,0.8066264808489847,0.6539869573288986,0.4729348519695144,0.25532100334249963,-0.00532369212136849,-0.3059166586467543,-0.6216376037586689,-0.9449159603505201,-1.2515139228017422,-1.5527629039942428,-1.8576399123054903,-2.203758807601988,-2.6079408802320043,-3.073113122041379,-3.5672581017470995,-4.060918444311848,-4.463675681983055,-4.645150749420144,-4.518984978272838,-4.173543993806432,-3.72209474786522,-3.206467144232853,-2.682038403673027,-2.0847879802306095,-1.3427798664379056,-0.9059940394518713,-0.5846141583987032,-0.10264044595977465,0.013730848668643963,-0.32448823455712883,-0.7070590227949254,-0.6018763775041991,0.12545567854580442,1.3295523529366606,2.9234923557535235,4.865975819862754,6.582171337721963,7.778345278415225,8.530108355247668,8.989349844719932,9.237714841438365,9.332885319105564,9.352615678049862,9.392143964741111,9.477676887363007,9.591846290498273,9.679296589523469,9.759373794903073,9.807878844176809,9.796283983103619,9.816375123364226,9.922995486214607,10.067389507313083,10.289659541525825,10.54929091602463
252.76805114746094,1.388397216796875,10.528524960875183,10.05698478759635,9.720687969470747,9.697200505530992,9.90738903987266,10.264974541558235,10.328401598412192,9.52444976373742,8.753882387817287,8.561782233635634,9.128241314984185,9.663289625895494,9.806159219557651,9.789531078770644,10.44728459668941,11.35508494212921,11.682291694811324,11.173173594115152,10.265853992265358,9.401659773251765,8.781313129387831,8.15898971309286,7.675050937135871,7.387380195045666,7.171180482416718,6.93205259250181,6.561512531167676,6.082630459783184,5.535146727778476,4.946704468056746,4.361168273974763,3.8402499661923266,3.394373931668279,3.02105437060786,2.73990367781831,2.5145798354331332,2.3358789972458514,2.178234658209799,2.0220135228201284,1.8551577019096488,1.6704880659677948,1.4660480096584756,1.2693576228502192,1.0711572144258101,0.8710886535336194,0.6590115576122992,0.43832450422505403,0.20788358886374092,-0.045537805097599623,-0.3338795092378736,-0.634655437941545,-0.9460363449965217,-1.2476337746672042,-1.552656423162349,-1.8696003286205665,-2.225256367175086,-2.6648937541891855,-3.188336506133042,-3.679888134407598,-4.071911869399039,-4.384025391745729,-4.599988454855868,-4.714448163092974,-4.696207199224282,-4.532772014971391,-4.229997964143992,-3.751032769926851,-2.9639784618582787,-1.8398368325853565,-0.8416971575298761,-0.27314381220290973,0.09523855533079581,-0.01960840607794412,-0.7038350057064783,-1.3456677631748828,-1.2169427704102427,-0.4006190245444206,0.9089761646150382,2.6505242534974003,4.693186071627387,6.2745910662775835,7.348981600189601,8.052201054439964,8.472315810823881,8.689941297698413,8.827807829017766,8.95973440535295,9.153539708456192,9.354541064566519,9.514332443299127,9.659748376970112,9.87365714744364,10.181173821813495,10.410066875982352,10.410907975110272,10.310115953145646,10.272746706910306,10.246010760511961,10.128067531830572,9.857293592270482
257.9519348144531,1.108612060546875,12.90409798032876,12.722900771320006,12.671540691876968,12.738162396590596,12.82301706472248,12.964815494433369,12.710587444923886,11.677926460487035,11.1344691391568,11.005839600096085,11.367726148892167,11.674429068408772,11.65175354188786,11.534509611911409,11.963670038430003,12.638125314405833,12.979672048254805,12.855120282714367,12.368248672832848,11.733687341894695,11.187607494262576,10.636913130187835,10.043917922717164,9.474327779808455,8.980316519656617,8.557475494228049,8.154085304284365,7.7187603663132665,7.252206827617145,6.775190263540026,6.288098174815665,5.81779836626065,5.377039912473561,4.977485883111361,4.658826562488288,4.406759648261874,4.2022724161946075,4.021351877575092,3.8550295525369194,3.6722733920604584,3.4538927351524946,3.2072312065305217,2.9558993664822513,2.713115687190384,2.4798509204593966,2.252201920569928,2.022988390855462,1.7805394094204448,1.5091546041199297,1.2171937607088097,0.9033247099962386,0.5635658292721712,0.21423577485993783,-0.13820585275150593,-0.4797806051742076,-0.8106279480641765,-1.1453803899493142,-1.5281175356367216,-1.9345553514003475,-2.350438096712562,-2.7875423080100132,-3.1586462746228507,-3.3308056516920366,-3.2093985789860664,-2.815150366671361,-2.3088168925283927,-1.7712412678224814,-1.1779341353275663,-0.4704065201627262,0.34195456154074433,0.8697796220433917,1.2891970589233592,1.7013250572482426,1.651071987616413,1.1270330654064868,0.5904167342474436,0.6181856280111795,1.3056925652140776,2.520074571823971,4.148441782933502,6.175492046910179,8.057684717013897,9.452089584152775,10.395004727239153,11.016425669126743,11.416027095548761,11.647371625514328,11.738050181602317,11.739897421055996,11.708594651230369,11.682554629690522,11.652714511411103,11.5702164975121,11.41734195460609,11.20438551416632,11.021866099591906,10.891956814425829,10.832197405625262,10.866047149472319,10.82624514855329
259.060546875,1.0985107421875,10.519382254479774,10.190467678992057,10.048306323967308,10.08596894221172,10.324467412292249,10.549946631514628,10.273262719771312,9.757832153700821,9.425474931329992,9.476274957159035,9.694618642528278,10.015032454709301,10.382437661616954,10.681261180923014,11.025688771103718,11.458740778777415,11.74590529576704,11.778331462283,11.386672294826745,10.556445924927042,9.760543650366465,9.285828089580983,8.91088932523649,8.456938817409023,8.032698150183988,7.685355502237805,7.36877006770427,7.005411098893244,6.499069509318884,5.927330644601741,5.358117606954509,4.813948742924967,4.317510106425966,3.8892492188270107,3.519433558358992,3.184173582991386,2.880322934665444,2.5929936099619164,2.334691988760705,2.10612259740007,1.8880002354738463,1.6732848681086536,1.45883082399674,1.2422558155681767,1.0331976935107465,0.839935128951539,0.650417856199752,0.4420216049238259,0.2206658834851019,-0.006796369492314255,-0.22926762227385045,-0.4443891435003353,-0.6608033312902006,-0.888949992640674,-1.1204956029035735,-1.3507092443902227,-1.6013329714533886,-1.9021677794020104,-2.2570346630315066,-2.613461633992784,-2.8961774927377286,-3.0598017845719356,-3.1006375212180357,-3.0330313283490793,-2.8151784750391027,-2.4354768268387916,-1.9475202280149562,-1.3944501204849302,-0.7370228594061539,0.07532795380046803,0.9042929234934323,1.73683943760867,2.451593860054811,2.6365753835063983,2.352465198847608,2.069173695249276,2.114070959528337,2.5983385496196796,3.542764908593547,4.886230903428488,6.438679825112782,7.801725659951519,8.671330125590407,9.12833798346652,9.255097726717702,9.183695370004749,9.079453163934186,9.029292182231654,9.077220602787335,9.235101364259563,9.477679516797448,9.752664738601935,10.016193782196932,10.213805878930843,10.34177102781088,10.432753237974236,10.517780835472683,10.60690321202948,10.685099965713453,10.582501442273221
260.1590576171875,1.10888671875,10.148758111303936,9.674015557919553,9.448261814390955,9.47609267739203,9.6158178279621,9.797127564566424,9.860032870491546,9.374601056258825,8.702845268473556,8.459232060288437,8.784514789937935,9.418266931433772,9.771169074475425,9.645904644339888,9.499071753765657,9.860151428059902,10.455076076876388,10.744119019435164,10.554791179682894,9.912551915737206,9.175264399828782,8.665265549689545,8.13455787537146,7.486821850806456,6.877814434567773,6.394672805105426,5.959533862715184,5.474946169201648,4.920564014844228,4.306955390151361,3.6427272024236457,2.968147912974304,2.3023547715663657,1.6865320735866975,1.1549457668087344,0.7349238825313775,0.43128673709728504,0.23149532331451286,0.10551967912859124,-0.0024043438531693995,-0.12376051325350737,-0.26677844702545517,-0.43996439546617516,-0.6240347130223305,-0.7987104910761493,-0.9613285359061219,-1.1207576326632027,-1.290938901511,-1.4846819026721902,-1.7092418392200277,-1.957671555544952,-2.224152819223005,-2.503077758865624,-2.79138098801537,-3.0696326605670077,-3.334529583333518,-3.611804684417353,-3.943719592438374,-4.357973198689468,-4.853048660722016,-5.346269042356424,-5.6847330106273875,-5.838059907381324,-5.814672322806971,-5.6502328751795226,-5.369975873740558,-4.9570583193356175,-4.380979735620499,-3.544748983761273,-2.6289216096357686,-2.01646245016189,-1.4965731068858055,-1.1872684009952883,-1.391768390355924,-1.8066699140805116,-1.8631027238509341,-1.3265605317262983,-0.23032769555478017,1.2919726117298174,3.211616766241292,5.12507232786187,6.554981369820945,7.50930955341881,8.031625853299976,8.148544600970734,7.928021579226986,7.514455174032336,7.113059545111114,6.8735983078873675,6.8566728960133,7.031262286743342,7.317107429681231,7.634999777436946,7.964982658144772,8.309338055893763,8.60271823963935,8.838336983972672,9.110146849299705,9.469452326638145,9.707760077791894
261.2679443359375,0.869110107421875,9.484040546727112,8.975670992016687,8.727754811910396,8.810245233768102,8.982036216933908,9.162254260458361,9.291541003674213,8.855029538591113,8.18286159230578,7.887991074036011,8.254045475902709,9.047741766761698,9.614331999145467,9.590396972023937,9.55637894045323,10.223616376904346,11.217532321097625,11.667330790189983,11.264042334073915,10.394625458454076,9.582632233314968,8.938968184929816,8.371324259698422,7.711196938326615,7.1115112211427265,6.661892736500449,6.316709231148964,5.961745615534694,5.529456768833638,5.007688481678219,4.429400458510015,3.838646253615147,3.2673501370808586,2.7397757888275067,2.288413440643241,1.9373609385840769,1.6673608320634388,1.460657389293198,1.2858086037560326,1.1234309001643956,0.9682002619556213,0.8260619661852069,0.7011055396629052,0.5903311774339639,0.48083338404609666,0.35566624899181215,0.21639775808773082,0.051057822139502315,-0.15230846362468442,-0.3869794852696532,-0.6466026976887336,-0.9246385052885547,-1.2138664865502085,-1.512762065007236,-1.8004900735754499,-2.063104533429817,-2.350017841593829,-2.648913800044752,-2.934916618540964,-3.1739532034532516,-3.324916391374951,-3.431578814936936,-3.4971372390272593,-3.5070624816487572,-3.4521017435813475,-3.284436881813947,-2.945695735539611,-2.3878647518467497,-1.8108456016738743,-1.1124174638907953,-0.23910504822649892,0.49089316248039727,0.6878197738376659,0.7220175170518364,1.2670161795990342,2.348915717972934,3.931024861088267,6.005056804201991,8.193453092161342,9.894581462036621,10.96058844940573,11.467770008569126,11.488905953875385,11.233590753745297,10.78342061417553,10.177175434161846,9.505720362442958,8.92292019674743,8.600707429552713,8.622400089957164,8.81550005740127,8.987465853830214,9.17036584516522,9.432756382980521,9.747997379654453,10.00706961013856,10.11078654099109,9.992730119436867,9.687192164070188,9.413758140800331
265.05364990234375,1.1387939453125,14.536111691673385,14.383646354803615,14.255274806038367,14.258674949164076,14.468676927838233,14.833660954536738,14.661642224275814,13.902509438935159,13.38298979833761,13.417581911569323,13.750555905954206,13.978971721027648,13.819064089135463,13.577451514975527,14.111419560589344,14.940639061162647,15.400073427595062,15.305373828488039,14.8304483721244,14.171118732551918,13.762955289065214,13.281821312208644,12.62215607956693,12.00283714970095,11.496142881638077,11.06814600426495,10.630082236207777,10.142197543363487,9.638224351867988,9.122791463858833,8.619883460786046,8.143721120837638,7.709706315359438,7.331689020266672,7.018405811722496,6.765640304933487,6.5507473844023,6.356372492777454,6.152201310492816,5.929876916240229,5.674045893796145,5.4112488359550275,5.152784671565678,4.911729384682373,4.684683818763543,4.467814075310227,4.2349601613658825,3.968350974967862,3.6792901276256056,3.3569556408033656,3.016465028930564,2.6600504099607862,2.279030179589237,1.8891317218978982,1.4894419954122615,1.0765799440677775,0.6178863304378434,0.07408407218657909,-0.5867647823228322,-1.3250096810320477,-1.9715570643906608,-2.45279297919978,-2.7704693067157162,-2.9227806515915575,-2.880274441666124,-2.603804974201517,-2.0768638743618104,-1.1596513229633616,0.07198256563539512,1.2386315977989941,2.1454900100142584,2.973912811974892,3.4782873491476747,3.3562961532105744,3.0811248746264197,3.135912473565103,3.6937751332704853,4.710053296345046,6.149347733528527,7.992929972272572,9.743546359435017,11.016401530886313,11.798124707801865,12.219780296065421,12.420759707769582,12.477599666644059,12.4417843629469,12.412971572446416,12.490972231253616,12.659519155681869,12.858936477143384,13.088587905788081,13.324656718077271,13.509890786301664,13.628508136470604,13.673306428163212,13.673749670875395,13.741584287007562,13.934123784321912,14.13023292768578
266.19244384765625,1.16851806640625,13.892706153828343,13.493485929103578,13.406526460935602,13.549048089571718,13.743599511166142,13.960513562546135,14.031580972077853,13.439674229501463,12.471085639633852,11.7210951179322,11.614872100680772,12.061771423825384,12.543668200200257,12.406504621873944,11.565301581124533,11.096359051869005,11.507655056381859,12.001055225553792,12.137588976828798,11.81408631265242,10.957984169788865,9.842068359658985,9.200042300578597,8.80596819300157,8.351247140791086,7.910792750369905,7.525288268862114,7.184287940733212,6.839032164063703,6.401598807303188,5.877874998576978,5.351761937775786,4.883596428007303,4.487572244541712,4.163402825425884,3.90139272750499,3.705750055229698,3.5452409280476433,3.388519217968157,3.2230518492264038,3.0352385352494777,2.8352751697451355,2.657191398698833,2.520870281780401,2.4161997309966963,2.3315259824906223,2.238455164438766,2.111972732220436,1.930551705803152,1.688333385784933,1.4023798093163786,1.079275287812698,0.7327671638224416,0.37721622012692935,0.01726411293358332,-0.3502954795165415,-0.7341571854906137,-1.1569531624355582,-1.650338502887329,-2.219805503526385,-2.757898390735739,-3.152985897627741,-3.376385253491535,-3.399076593777521,-3.211603156845876,-2.8986398410009957,-2.550031907137293,-2.1484073605395277,-1.6745208492349735,-1.068623277684131,-0.4935003766267153,0.004631483865931648,0.6894194626760547,1.2434093616465853,1.3869951680392216,1.2875584336342127,1.2060979456008036,1.5136651049820185,2.395655218843486,3.791078468295297,5.660850021738035,7.92729689814046,10.066289110173281,11.700232636133373,12.78155676377429,13.335867148694302,13.510567493081977,13.358468362372385,13.060271375484678,12.740271695073583,12.451285808248977,12.205814655956068,11.919872766336441,11.558790170508257,11.33824163839191,11.373085043289382,11.522213629097614,11.603244441305442,11.676452674432575,11.72266337974186
267.3609619140625,1.1885986328125,11.552127018047976,11.396696578665887,11.366980944323846,11.450388194732263,11.53486565229775,11.623382982594798,11.665226415705243,10.871633921575647,10.007326311252097,9.634796542187111,9.87143192498889,10.29516455935395,10.422748861288706,10.398538536030639,10.867407743253613,11.66102157699558,12.298786482007964,12.269449982169924,11.627221519080743,10.7231200684856,10.104083491831386,9.559655908024162,8.884385944249267,8.310657336424303,7.9553862461387,7.704473052842937,7.417611626270792,6.997253005942077,6.466952191064918,5.890747534737071,5.295739276548782,4.742415491138653,4.24648617881481,3.842230657254312,3.520559248406585,3.2693600509866965,3.082694837821363,2.8944178402750835,2.6856045311865415,2.4519493599193822,2.2023138143780607,1.9507280759035937,1.7085944775825908,1.4831457556879406,1.2639999785215725,1.027583026965401,0.7657320716261267,0.472091642188858,0.17336459648729,-0.14504704701337817,-0.46274688572239303,-0.7669842962190697,-1.0637754275844797,-1.3763136442839587,-1.7258954567941334,-2.119414123311208,-2.588562605073512,-3.1249850530898886,-3.6894975642804666,-4.205719749304091,-4.623938014833889,-4.864651640366689,-4.8857530966188385,-4.72566716017805,-4.442542407820689,-4.029093832099838,-3.5477438426137087,-2.9508150920994063,-2.07562385000825,-1.2963565185631916,-0.7294502480791999,-0.1869994373714868,0.04307740002295976,-0.1579756233666549,-0.43982771171107315,-0.42440783019643685,0.0634347096095462,1.0489650739146756,2.448814421434885,4.145376361763712,5.7395931303793875,6.951825039160746,7.748032997183194,8.203042601706764,8.440441230344307,8.447101174447626,8.283767567688427,8.10908888701245,7.965600536128018,7.783718468446833,7.6181049404342165,7.6190742254053845,7.896792411050419,8.431070991413119,8.98320261958881,9.429884074363475,9.744302727000912,9.93186751088977,10.065438712743333,10.055051789621562
268.549560546875,1.298492431640625,9.734681789876293,9.29567920148518,9.023698627767443,8.918642070644923,8.951125495904817,9.184539859315846,8.789972509563839,8.144629373137095,7.795738864238333,8.001709293736685,8.52038333619745,8.852477372580106,8.862042725370129,9.026103835049463,9.646874578254371,10.357343712965706,10.646903214537094,10.331953699871587,9.583881603000957,8.861426511385043,8.35598944634414,7.896472939655213,7.499276598951871,7.2247052312643,7.029567358155866,6.820729739200808,6.510767216759891,6.087369855118896,5.595991148719677,5.081638278117575,4.578628038232224,4.124142119290314,3.741026542580239,3.453488569812442,3.241418241605411,3.047968763810476,2.87295694839975,2.701784097064272,2.5218478486849008,2.3185167072970057,2.1095694513526335,1.9049411888378063,1.7064459942440744,1.520314344156547,1.3214706399990805,1.1043192367673635,0.865346978833187,0.5975560898378844,0.30275556567537454,-0.011306971555292727,-0.35234860138531937,-0.7076142112307701,-1.0652535666494085,-1.4275425529336836,-1.800588654577351,-2.170730854729597,-2.541670991509856,-2.9118833589441153,-3.272849160286295,-3.5768561116940494,-3.80049324137989,-3.9888465497542094,-4.143544060256511,-4.243688916743015,-4.215410248068694,-4.048207175099168,-3.7429491034135123,-3.2634291135395936,-2.418381678006213,-1.340331977402733,-0.7611393629892631,-0.46919707964753987,-0.4175332504032738,-1.042297911259343,-2.2314645091128407,-2.9057679425801135,-2.4127625019515015,-1.1623824026762601,0.7905386871193756,3.17564437606983,5.634254565449774,7.544802335519003,8.922270727983936,9.810179042678879,10.32779540576421,10.583816831473996,10.696215789841043,10.783443893126439,10.864572285638465,10.826143173573733,10.632536857805311,10.375798900513537,10.146669314863578,9.936346110876546,9.75630376203192,9.633478200105532,9.565256814286716,9.594481687526603,9.646270298732146,9.545178054872757
