start,duration,0,1,2,3,4,5,6,7,8,9,10,11,12,13,14,15,16,17,18,19,20,21,22,23,24,25,26,27,28,29,30,31,32,33,34,35,36,37,38,39,40,41,42,43,44,45,46,47,48,49,50,51,52,53,54,55,56,57,58,59,60,61,62,63,64,65,66,67,68,69,70,71,72,73,74,75,76,77,78,79,80,81,82,83,84,85,86,87,88,89,90,91,92,93,94,95,96,97,98,99
55.72724914550781,1.50830078125,10.836297110026965,10.815469657964128,10.647588180043398,10.306657113593566,10.143606414412963,10.051957256964654,10.127163913314542,10.231310642961061,10.131534710875561,9.985774663721303,9.996907725095543,10.091806047537075,9.964374005279376,9.719993589134893,9.444021352303327,9.13815379807594,8.831457989248088,8.56787191294325,8.329851010146466,8.082571684000875,7.80536763875613,7.506940230838125,7.187345902141165,6.837444449583236,6.460330959689705,6.075372034224535,5.705605423476606,5.385033623046945,5.100326149015692,4.837773549467584,4.586790491482901,4.333000523865869,4.097193833175497,3.894190280561743,3.72525799491118,3.5733696834317348,3.4331248656230056,3.2737256005363156,3.1124330421125532,2.9595659717957545,2.7864287447437994,2.5876699982069913,2.371443967162979,2.1285746202333202,1.8794665128123444,1.6349744149786571,1.3917416771663635,1.1572234851126486,0.9011264860869369,0.6213123167734456,0.3200363925677353,0.0009385706847887532,-0.3173839980419987,-0.6387456662796279,-0.9642742401194528,-1.3207834352539172,-1.752269071181881,-2.1931052256094183,-2.5995344139186862,-3.041111810356922,-3.5015904227841377,-3.965056831566658,-4.340680985727941,-4.690488852792891,-5.022677288002265,-5.269857034769919,-5.401253921387375,-5.406989463458868,-5.26977053644305,-5.057490889884788,-4.876440264890827,-4.661880356044814,-4.167610551159273,-3.303920403204704,-2.4264370250360896,-2.3292097870733315,-2.32991456407259,-1.9233593067633332,-1.1972168016421179,-0.42461141241715755,0.1248156330341425,0.5780008318701297,1.36275373197089,2.5458729204731005,4.215197197028184,5.754829693031735,6.040489330378222,5.954353888719722,6.06254840356993,6.540102153434576,7.197066611058198,7.89334730158475,8.69731157679289,9.49735623340368,10.16958379190041,10.689588178852272,10.947751045003452,10.9526436672751,10.804585508346712,10.738260911195045
57.23554992675781,1.5283012390136719,10.733253440519311,10.68477870064566,10.526778953617185,10.221962121524752,9.938743664102628,9.816615474033306,9.767462299882547,9.782792346828085,9.975495889661103,9.965673890967519,9.85025962140432,9.81192219709101,9.805348922147891,9.677384268782244,9.40850918374873,9.020676120785595,8.633012494228723,8.281133291170079,7.976073969787956,7.730709731334934,7.476674104993298,7.205014012140604,6.914587331389165,6.589680324469892,6.241933127022948,5.878457370418979,5.54047011794739,5.230960604813062,4.943744510956506,4.666494653826492,4.398459102349524,4.155632252837043,3.9310135865017712,3.7346422556627874,3.5591044984770073,3.3715030681602154,3.185345717067582,2.993339842072656,2.8042646461544427,2.6274639430378164,2.4392133051535687,2.1989742603087183,1.9055248068270938,1.6023668917155773,1.2978574165119208,0.9851647481916991,0.6766540736714914,0.38299012265605575,0.10978389979906741,-0.1476421997225964,-0.4220558466893446,-0.708904467891859,-0.9940395566519657,-1.2812335423666332,-1.571188186076811,-1.8851488245308563,-2.242628469449358,-2.629254946644941,-3.0580391773147104,-3.5335417566798486,-4.014637050081285,-4.4828499420533285,-5.013546633118575,-5.661540749566247,-6.339202134033067,-6.836241331051823,-6.824472412196535,-6.25894464465043,-5.3893321836349415,-4.383680640926051,-3.0933944177507566,-1.520800005909833,-0.34400461616785616,-0.15824279497979787,-0.22676050898212613,0.12455576615734068,0.8451541842924143,1.9326860446458534,3.03716226664997,3.7578089919691218,4.25311540844571,4.802412644843456,5.4291273412502195,6.117562755265186,6.738749215708241,6.896926010740449,6.8193981486704995,6.835498004125107,7.1096323531761225,7.517363608455823,7.997473530546215,8.512326914801433,8.895781370661428,9.154892724526748,9.397049771057445,9.644231916349055,9.852302891195473,9.990867225109161,10.001331085037211,9.878254782763502
58.763851165771484,1.4983978271484375,9.703685027185445,9.379505409887825,9.07014912403022,8.822218152636536,8.563817398059433,8.210673149623323,7.920860226045748,7.845786763554013,7.784977945602183,7.763214618807568,7.943367478343205,8.229832102599804,8.407510994240797,8.415934683220298,8.208527745354777,7.921044643623873,7.663551007882481,7.50190209839642,7.400235709482265,7.281671324274816,7.1166249778050155,6.915901353245071,6.6866394903324755,6.441761428457633,6.200671582192781,5.9712894486512536,5.7346932781119655,5.490080880988867,5.235687740900048,4.970229999584316,4.7131909017535225,4.457928900423452,4.191051622925175,3.9169354561489964,3.6472856292791507,3.3918337574923245,3.155372891056896,2.9280394874375504,2.6965804157614577,2.4464175477131125,2.171379193776691,1.8703054605860565,1.561979061491254,1.223269292172528,0.8666287907966266,0.5062786654992196,0.13222995720269531,-0.24452841280352694,-0.6114052815350808,-0.9738135496755453,-1.310572058367592,-1.6290724780778494,-1.9302127999708916,-2.2286338668786847,-2.5417029374909985,-2.8543471912245315,-3.1813963727840084,-3.507771267153633,-3.8159117597258523,-4.140011923738805,-4.50036315144467,-4.876629864532802,-5.270131113308811,-5.658952415795693,-6.034519960227243,-6.388766237607012,-6.56703508630673,-6.28899307473478,-5.683972122657545,-4.888184101765957,-4.015313405762736,-2.9584491438967317,-1.5989683821991072,-0.2496100598308168,0.3888663134390977,0.16312719846602694,-0.21693393684868434,-0.1369515298351805,0.4809836912180157,1.2663115494698034,1.9431704039167657,2.8376680727779826,4.086333061161565,5.202547386509152,5.727868106785479,5.908490285982472,6.146136413748124,6.546674843018174,6.982416137064875,7.323685883522882,7.62148073988807,8.018954104706875,8.51092331149575,9.034538234811071,9.488774622209592,9.821544378955497,10.012025217256983,10.058739782785523,10.044180137759675,10.037057653527658
60.26224899291992,1.5181999206542969,10.02068697664606,9.938201223536215,9.674050903581122,9.200049436886971,8.805312253499274,8.540141772270685,8.547593843294843,8.686942775049289,8.562616423182213,8.220928910353692,8.213481598365021,8.454851377295128,8.504877719092239,8.291103623506537,8.032705818354474,7.797903648645201,7.541148990419827,7.276479468931558,7.0532312127690915,6.896966624318727,6.7758001452673975,6.6697769281323,6.514883234122417,6.281119843547529,6.001414546009929,5.698228261008262,5.425605407861045,5.189771358737846,4.95517015925385,4.712005673465776,4.43962566887687,4.169403873751165,3.9086024255024836,3.674634693993701,3.4576536969525327,3.2587300508686154,3.0575052027797067,2.8280688718283193,2.5850109800010466,2.3494187530113884,2.1050088349754392,1.8514295291541656,1.5939474098039494,1.3418707908290053,1.0777895199706045,0.7858949545680834,0.4653318942604137,0.13216838885092907,-0.19381339250631396,-0.5320265541256568,-0.8871299089128616,-1.2314364713959942,-1.5713619815069746,-1.9209931718953137,-2.260333069457507,-2.57487249803498,-2.8812680578730725,-3.2108105097354116,-3.5749802552660976,-3.9333264197625315,-4.300931047920265,-4.68708364052885,-5.043307816401398,-5.3473879391353,-5.517075421974074,-5.620190270478175,-5.629715802080225,-5.409602853762062,-4.854376506888782,-4.164164928387689,-3.5468856561013524,-3.0072948002684035,-2.3012205124232663,-1.1950299354039866,0.03682217271889898,0.7706171006776027,0.7608999704963537,0.48663462910330035,0.6363739908906414,1.3204373754525658,2.234290156154555,2.8964458456438362,2.9991308700229795,3.0196627405817855,3.5628937892180885,4.72006708746116,6.066168465050426,6.892083927374771,7.28388709318757,7.5900093042304375,7.884548409316548,8.136093538273016,8.33262597700069,8.517112445835592,8.726108875252914,8.976926943187271,9.25037205059133,9.48558432482898,9.565967039338705,9.484704155214754
61.78044891357422,1.5384025573730469,9.363856500404705,9.097916548151169,8.685865053814414,8.19749306333585,7.8443493244159646,7.728699526271141,7.787102507572968,7.612565795731806,7.276526431663098,7.229939606169127,7.454640621486568,7.575854456696652,7.42220946000351,7.1308252884249494,6.866032930018103,6.675920406772162,6.54923987296841,6.457203561824653,6.3330260229676325,6.1556345899667,5.973369959733185,5.781043243470047,5.537490326243016,5.277138813267166,5.054499786863359,4.874396498308069,4.6898838802535305,4.478442817809567,4.258830575694259,4.05663100764993,3.8576111806422344,3.6606548094606466,3.475744923445919,3.300526639056185,3.137375778673689,2.972990191886834,2.7969052368965777,2.603023605312847,2.3982241793183596,2.171653615386911,1.9296357608084413,1.6664122446161453,1.4039360448682026,1.144006095225026,0.8901094996047143,0.6437442556576656,0.3888498178584105,0.13566186513110223,-0.13539106099654613,-0.44287163155069764,-0.7785137983654751,-1.103797418316979,-1.4209429670213567,-1.7143364122031588,-2.0011557073712507,-2.3135916130979526,-2.6209068009760808,-2.9274383603545084,-3.2430772764117552,-3.576994650619972,-3.85682772347308,-4.1067768051158495,-4.386339285529331,-4.680706608635307,-5.059464492640192,-5.506951232832995,-5.8783333766750925,-5.831054377505954,-5.37048889880624,-4.838245477307227,-4.411628383206592,-3.933553220757936,-3.2328284084712258,-2.2686889553370713,-1.6493284388499925,-1.7412767259176913,-1.7062239767908909,-1.215109183221864,-0.4673304938016629,0.2986789861172085,0.751249073017503,1.0620307299349716,1.6587010409028302,2.777263336524382,4.367387117655821,5.842064486728138,6.453686887701318,6.482901530287298,6.53816479056082,6.841082849228031,7.424380705889884,8.152218722708836,8.888631488192209,9.527333924767413,10.027879794479642,10.407216925015884,10.635181525508061,10.704323752498256,10.664387496750763,10.668425302934327
63.318851470947266,1.4881019592285156,10.694458884734912,10.668143262924909,10.47584457840726,10.15157881586702,9.817009216867564,9.55809435037772,9.256560079326206,9.234333721742454,9.354655554405078,9.193448055589839,9.081978351770958,9.332933081791143,9.618116091451041,9.698936074472432,9.582908348137156,9.384420780744986,9.05721938409622,8.645664894129615,8.230160293559065,7.889032827388426,7.608274761773763,7.349589298680065,7.128597969906347,6.882863733025982,6.602677184735542,6.288857487531189,5.952784352015161,5.638766222630781,5.328775669531668,5.043568813279302,4.766929618693433,4.488830803447317,4.207351504855964,3.9284744850571394,3.6734273739869248,3.444487070822015,3.219074737875566,2.994041945903312,2.761266090591035,2.519299028752543,2.2739201417887074,2.016273022861915,1.7535723470930826,1.4916294735172055,1.212916268296191,0.928243284678497,0.6355103703541841,0.34272506677252407,0.029711243208540294,-0.2938521552446315,-0.6112159084335711,-0.9306374973793607,-1.2760867584127673,-1.6182490347708025,-1.964922680532884,-2.285032283883662,-2.5919376081909014,-2.9222089407863683,-3.2591784885762807,-3.6228702249774383,-4.017327993538712,-4.3293076403121304,-4.5494186105039205,-4.723971656602577,-4.901277214467989,-5.1245761772179925,-5.371020781717974,-5.563605125015391,-5.678611206835309,-5.735718365473755,-5.524993714502932,-5.10300862697848,-4.718701277754606,-4.335297761931137,-3.7764907568992387,-3.022379531431211,-2.4856122946526824,-2.327672197141136,-2.004491882499527,-1.4258362898844659,-0.6873209119876,-0.21387028728608692,-0.21690812869005943,-0.2112139238395193,0.17015248904764335,1.2600220050390338,2.8739147690507263,4.4650618353150335,5.578258549550567,5.981437480132627,6.25275735422174,6.824019468763201,7.665162712543223,8.534378181182186,9.070333456593705,9.355627859656432,9.55276966298001,9.693952466549849,9.738166206569952,9.722016007869838
69.36184692382812,1.408203125,14.771276117863206,14.731865995898923,14.464558276986837,13.922466177644068,13.421384063033672,13.101797555283278,12.631714426643432,12.509810958552944,12.492544585165604,12.031741078592464,11.677715820751665,11.895837577023617,12.102580822251612,12.196392923933661,11.952196478911214,11.407554963875558,10.819091952449273,10.363179165188436,10.061824521353486,9.91188476946756,9.74088300418778,9.557727295789142,9.401209831511109,9.23019493906346,8.967436728347726,8.634466961080907,8.282333687964108,7.962806014060873,7.698032501847395,7.497044186352449,7.316920599472974,7.120119741159432,6.9092859957652175,6.66806033622476,6.424478794564077,6.190113219838877,5.960770233866596,5.727684865129489,5.501135907265219,5.27655558914361,5.042497106126956,4.80969997346104,4.559716382613766,4.289813007091696,4.007380541858815,3.7306418353914,3.440322144341229,3.1374389680482286,2.816483081942161,2.475415569823406,2.1105360108702813,1.7433725212470064,1.3998121721525563,1.0727370726293377,0.771895476464777,0.5179843137685625,0.25999359625787827,-0.05841404800513743,-0.42046862020661263,-0.7722695916257638,-1.144357163200827,-1.551430383314564,-1.9453889956855306,-2.1992023062298993,-2.227191375744189,-2.158488556784527,-2.223043816991115,-2.1102052313018533,-1.7260776933874609,-1.2967028695583582,-0.8661862168793949,-0.4331219792760572,0.034811324703728996,0.9077081806447949,2.327893334310762,3.4250273007307213,3.8089603532768597,3.8248504722980665,3.873080192837379,4.317985329750022,5.043687528040502,5.843375262616682,6.390165829618628,6.555161715838725,6.6707228151096825,6.902435768848666,7.250072230844751,7.750456316821319,8.432737158799785,9.128449685657236,9.894422322702761,10.60162308707049,11.149009206560255,11.536073268395414,11.751885656139407,11.830285671033453,11.864929236097314,11.940902121333911,12.0707974496663,12.09448123137424
70.77005004882812,1.4186019897460938,12.022656493958547,11.771959545043133,11.391792449095716,10.972790179500734,10.586295266160176,10.380805736391817,10.380811862015811,10.196811301344031,9.966505864138451,10.138092780292741,10.446851009806991,10.508204731695102,10.170122239839928,9.603131692643325,9.094405444290025,8.716310679258084,8.440399212436846,8.266876649271074,8.126262204251912,7.992020524237483,7.876447732256857,7.728473920537741,7.500956571849138,7.184273568182775,6.839737456833013,6.479360551288575,6.134054020546939,5.846182428712012,5.590633136604784,5.349147531193771,5.11807877427944,4.882392822384548,4.64213536010955,4.417743055202146,4.209888021278579,4.016260883797383,3.8222920664200393,3.606167712961154,3.377377695336734,3.1324597312235873,2.8825082266688327,2.6143933801965775,2.3429370961962883,2.0703482548359906,1.7837337813497862,1.4578141748514548,1.1114708469459493,0.7452863073672162,0.3555020016527335,-0.01197631371360533,-0.3522876190672341,-0.66977776935012,-0.9759198142137401,-1.2625716322300908,-1.5506652030451562,-1.87367940753524,-2.241569095361666,-2.6078969069464177,-2.954412146313254,-3.3379078129059847,-3.764960075371219,-4.184834610832185,-4.5786059090359,-4.936718381857909,-5.19070376701769,-5.3985265760558265,-5.619878331916443,-5.860196765475318,-5.805237225585792,-5.426962326468709,-4.878174688509811,-4.392780186987117,-3.842684722405238,-3.178431213119538,-2.7137920109292426,-2.234298896768516,-1.420870540142391,-0.42660595333615936,0.47030161145166327,1.1479808717919975,1.5102168402282192,1.8194858482206404,2.360993598538288,3.2583160761186996,4.383997930833804,5.58275241055143,6.67305022825253,7.661413360019978,8.222414269921742,8.286596866949585,8.285502898580116,8.585686489576128,9.15610979635527,9.761731165132835,10.281733882589183,10.690974582840976,11.041103010091394,11.333311332225344,11.361915336290926,11.260957316366396
72.18865203857422,1.3683013916015625,11.170032331363219,11.002084563532973,10.566245988814362,10.141537452237666,9.73122981394536,9.451709725313735,9.395852386356724,9.320373770290002,9.138172465541839,9.296762495781005,9.719609280178844,10.07267360407959,10.1040419402733,9.730392586808646,9.2358483727251,8.753417141618305,8.31547489123993,7.931529332619122,7.617412373364915,7.360730262725428,7.120025668653614,6.893268287062258,6.675962366563541,6.453234129018728,6.213367738015519,5.936698262402375,5.640306864422909,5.332527978775478,5.019721399488368,4.7287720081632685,4.45604117112519,4.183636643370892,3.917274697083137,3.669650169454926,3.4374168156406673,3.2039935621644373,2.97062949011316,2.731023089382767,2.4797756076072703,2.21513202346179,1.9401976831032266,1.6757725163918629,1.3972939994321212,1.097335282451705,0.7735666409683597,0.44391854467127845,0.10171466689358108,-0.2475484590327272,-0.6011120250214272,-0.9437217835333633,-1.2792358767170724,-1.6179864149828216,-1.9675970925861288,-2.30305579888774,-2.616295388660858,-2.9486195265385007,-3.3084555718953585,-3.6773689273456274,-4.072276476560733,-4.500960576114401,-4.926715051156709,-5.301033910765223,-5.647333144145818,-6.0150394574581645,-6.347429688001895,-6.657217288341858,-6.8775992545598745,-6.950385952987107,-6.705565616943839,-6.243939736603859,-5.859477148485701,-5.520616029524344,-4.88063497651771,-3.6966758178470087,-2.431814443141805,-1.7327609854637718,-1.4253170489673677,-0.8332078960742154,0.1629255192036324,1.4415942791611793,2.647439056930533,3.392214035704348,3.7630054034754883,4.081046623842997,4.603844599119789,5.176612307003776,5.6499071038693485,6.106637300439319,6.448157561886432,6.564388372381885,6.8107330671206725,7.475275379237911,8.325555772620127,8.992630654077601,9.466184009324513,9.9023533840242,10.307076409909781,10.520330275936024,10.489566003461235,10.358012483960534
73.55695343017578,1.3784942626953125,10.246032645316424,10.138608475447136,9.944290658235213,9.526804388422875,9.045153593123906,8.700765838627053,8.708614517249568,8.790876514307055,8.61208867805034,8.370836586852972,8.441976630215596,8.720002342048607,8.75326460670126,8.404027243919103,7.929267230662848,7.574920947648114,7.367517815396998,7.234846649014953,7.104433168016295,6.98052247780648,6.860722180775044,6.728722791032668,6.580253012874795,6.403215773808561,6.1813800559931815,5.900760947980033,5.595545344429074,5.283554440577494,4.987499036267647,4.712112982116417,4.467513530734601,4.2456003085936596,4.023261135265177,3.799242514906559,3.567621326446095,3.342856369484708,3.092903711505223,2.8429934123163614,2.589950298867215,2.3246222375925676,2.0549765085325613,1.766119958733055,1.4758883775134,1.1583237214630422,0.8039864568970394,0.41345705421637696,-0.017277433012398175,-0.4940349570863809,-1.004315471887989,-1.5074287847468248,-1.980383430654406,-2.4249268263144543,-2.8448312565412763,-3.2405537356240166,-3.6324268734598935,-4.035639276705487,-4.444905086154032,-4.883300963593648,-5.34771480454247,-5.796440730380032,-6.180652641075527,-6.529847097758716,-6.969507080239395,-7.5649823251240225,-8.152794666994792,-8.592723112695543,-8.841483059221158,-8.846835617471726,-8.426968469893723,-7.865288169113143,-7.446929014929504,-6.926801957860887,-6.208465245539587,-5.641008675086462,-5.190660820324034,-4.537396529869718,-3.401789832989411,-1.9043828854781228,-0.338607763557945,0.9062680032428991,1.5279056417475931,1.7916525011180078,2.1979836888591553,2.927684808175512,3.9001829602606053,4.9251025535965365,6.012673949223513,6.949337689023309,7.351673423628092,7.421476436334939,7.7291757446410445,8.351352039779568,9.175249415181474,9.960188581495066,10.47062045584826,10.701590121601704,10.842130092822227,10.95528966199076,10.95552686812685,10.840372788562131
74.9354476928711,1.3881988525390625,10.741795599329034,10.64964304483008,10.469597554586462,10.093942689880267,9.612979633604974,9.252205354817182,8.964265776966739,8.831766536238536,8.78994362999611,8.52553017947278,8.15732552217661,8.425563796469767,8.909007193837436,9.283374655821811,9.21602265920519,8.742621184409336,8.167959639049998,7.804560489524148,7.5635967775162,7.323824589202478,7.080159251912582,6.861109316095139,6.626373617590778,6.40732816368903,6.236053062103287,6.0508804290742155,5.80372248330055,5.480100740618081,5.112543109188104,4.7239753135996825,4.343491086905717,3.972446597891078,3.6125387372352686,3.266114065326758,2.934905122268597,2.6284627148563477,2.3517275718443,2.0868723380780256,1.8343398954628374,1.5930620153303385,1.3445547294072604,1.0844902489525392,0.8183040615234057,0.5490739864483227,0.273233959245162,-0.03180254928170331,-0.3561406451724759,-0.73633568043354,-1.1710116031069666,-1.644014672072223,-2.13556157707593,-2.6026475675837117,-3.0279416608503054,-3.410290202989615,-3.756994061211785,-4.110328576261167,-4.494289715080516,-4.905356362338873,-5.312775477040446,-5.737564590397604,-6.209278626144081,-6.714916396864249,-7.223339613752908,-7.684036291321527,-8.094920457738533,-8.430146041196918,-8.685609388040817,-8.83900123352355,-8.500297006313058,-7.7937930671085685,-7.12790088241926,-6.65006470516894,-6.222449748450538,-5.939690440227896,-5.601621810728534,-4.768052124356716,-3.5051658194418573,-2.0682096759152353,-0.6549965607926359,0.20328965267448307,0.44974072611358246,0.4597516430533895,0.7454756995110361,1.4003347873097134,2.3891628643452965,3.6288543599305116,4.930311080462007,5.666823698540784,5.958575411944862,6.1724988250901625,6.61042438435422,7.33252159854184,8.174764147797656,8.894219345701835,9.414131802498888,9.74026213618775,9.919924247755336,9.987791882362949,10.12871793631965,10.206200671643572
76.32364654541016,1.7081069946289062,10.208611923563023,10.125860978016835,9.936991819351325,9.52489242455869,8.985587958904672,8.564958195695832,8.42898081911476,8.338227540460386,8.157308926929206,8.09954190955315,8.27269017690156,8.5358794424595,8.59984897105454,8.431342656688805,8.1329240252051,7.758895164655998,7.313983889136133,6.959141228068291,6.681513453890474,6.453061061905792,6.2222178462183395,5.950823871258502,5.643879851105406,5.3158420395639565,4.999248399258659,4.702960063152605,4.413750968586091,4.134203678988959,3.8455129762883575,3.556345985655886,3.280353169902559,3.0440256429858774,2.8317106030901202,2.6118258530107883,2.3838672185064187,2.152607729997043,1.9157076441758525,1.6844904559352747,1.4495165402559147,1.2083469156395286,0.9598702500375039,0.7106904063417873,0.4308009345844539,0.13224631798908015,-0.21898749998525027,-0.6167456985599262,-1.062476979084333,-1.5412221907067287,-1.9950947529613612,-2.3863688290900504,-2.7478895421135427,-3.119978980766198,-3.5383831688221106,-4.005556127619657,-4.482862436346432,-4.975085474756068,-5.47622377884643,-5.986050084394681,-6.439771972110669,-6.837476514865009,-7.2052092316686345,-7.510369067844389,-7.625220240233343,-7.612762494143843,-7.566303741905642,-7.484521408296408,-7.207806422068213,-6.810671041691476,-6.479823967317893,-6.094684219592868,-5.706106037663347,-5.532126784322271,-5.346183851097657,-4.772451883780886,-3.8029437137666817,-2.5520804331151967,-1.2285714900469282,-0.2189170293430766,0.3096816282456572,0.661652036680461,1.323293469100132,2.338439356291555,3.665383647230625,5.147898213320547,6.1775649615248,6.41712333290466,6.4378408605954,6.7416999606794,7.458338657439152,8.322627883679507,9.040922888384515,9.651835347163999,10.113730160752672,10.334303659894378,10.425243502868353,10.474128483006574,10.50941715535074,10.542022949366515,10.504872074354083,10.408925772155676
81.058349609375,1.3585968017578125,13.424264267511424,13.263045534919236,12.987514545824501,12.549140864207175,12.078719099871584,11.845174425280407,11.94738093591468,11.97697967664467,11.717676923805826,11.319370940852757,11.097402698258609,11.164386253326938,11.378998870339174,11.38633950470207,11.070925207349255,10.675352217338236,10.357931267966224,10.096729295663332,9.967077721730705,9.881451663544386,9.78615075830622,9.669529094107975,9.515686070840676,9.369756849442776,9.202224233537772,8.949941800338374,8.603009378455848,8.207379293814114,7.805993579567137,7.460478008295586,7.15235142144929,6.864414817724364,6.577191778646076,6.300275277623729,6.016690157300262,5.7213147277986565,5.413604742613089,5.105729939645591,4.785218274822172,4.468524720952449,4.1388910704797555,3.7839704863692196,3.4284838206393733,3.0788279120087325,2.7271359598639506,2.366176293212036,1.9759420065153708,1.5424482561335164,1.071875432666166,0.5938181526979843,0.13055897114440038,-0.3018556323758406,-0.715928183022643,-1.0976914322704332,-1.4407506824877068,-1.8200497367434447,-2.2572265557813265,-2.7265921371083963,-3.2011249971497633,-3.6891184207856234,-4.183794118402254,-4.677343347984386,-5.166011139919702,-5.650378787110161,-6.055024578896484,-6.289409926100261,-6.383149807854215,-6.230723803956571,-5.934083887567565,-5.714792964307474,-5.47713700739028,-4.95020148579341,-4.1809241489142766,-3.3257442471291148,-2.104640624343287,-0.6050483038267895,1.0386811463867218,2.5180596490235696,3.704348369936082,4.394733688333475,4.688851260352656,5.05092070347567,5.694530820234014,6.5541846794627885,7.626949407368761,8.815161068426839,9.657348319775725,9.855980285403394,9.828580573645787,9.917899152389822,10.511516022101155,11.485038567047646,12.468579880129006,13.139908588472528,13.474581520630112,13.627327570539338,13.750942213400245,13.783129099554861,13.738504248448455,13.653866597324336
82.41694641113281,1.3083038330078125,13.552157870698576,13.282243665866803,12.881172966080177,12.452851633060858,11.93598889874462,11.37631233695472,11.176616061374533,11.144427650721417,11.087374965641658,11.127813694783072,11.326812799478681,11.507781801682942,11.36667421867247,11.178852445997807,10.955092548371443,10.666566767443957,10.380817405197519,10.156058165416608,9.916601253012098,9.664767039548531,9.484220003658223,9.351099055780859,9.237994858143797,9.094445223176077,8.86809665612189,8.541201769343072,8.121684375984353,7.695736032745858,7.283613910378044,6.904129603301959,6.555329371458618,6.215794986479919,5.858846244826211,5.496730311855789,5.120895679471943,4.74866163858054,4.369716409136641,3.9744648593954124,3.570560772472566,3.1772922914022828,2.788062421325452,2.4034046147296424,2.0295998077676463,1.6574955032905248,1.2868890679291776,0.8977195241652676,0.4587522960687931,-0.0338996179575722,-0.5672593360220961,-1.113409326908764,-1.6437472040913728,-2.1218414099950915,-2.5527320181263504,-2.968025684156403,-3.3578073070104066,-3.748095552055054,-4.205157953445449,-4.68802214045006,-5.208946432644389,-5.782754734247803,-6.384620159523068,-7.002983352133014,-7.52952976852007,-7.918858628066376,-8.28048931771963,-8.604061553946593,-8.875286700975137,-9.04798844195331,-8.925203482093558,-8.516265358420778,-8.24132187733224,-7.950421134857373,-7.350687960707561,-6.575068332911393,-5.7666385392554655,-4.869762537064011,-3.6465587021035253,-2.0623377922000703,-0.2523294835503396,1.462629957974109,2.684968617147301,3.274589079683158,3.604024105653111,4.083252797760875,4.911403956998263,5.896876543125336,6.809545176623347,7.675416136483728,8.561823768148848,9.167660731658966,9.541512458180243,10.065724443030241,10.738108871165931,11.280153537185775,11.742180132718513,12.123508639823102,12.426527119777534,12.647088852702856,12.703205563449126,12.570369172367123
83.72525024414062,1.3087997436523438,12.454817948614737,12.317463072115006,12.007897385081298,11.550233210857023,11.194448892692197,10.834794482290741,10.589727266431673,10.506706017961564,10.23153359605954,9.70410727331471,9.650597179120115,10.027900231927541,10.454654950351062,10.653098643011804,10.4942555037796,10.14569037171829,9.82430097750535,9.519774387621887,9.226695236567961,8.953571209338882,8.68787794867102,8.376540333198616,8.05157973981156,7.75547338385953,7.481281120651132,7.205184461597598,6.880814865918888,6.489778044845806,6.0347384747379715,5.544170150307238,5.059327721998412,4.603402566767419,4.180732411891508,3.8119657162072955,3.4732787336937987,3.153312409333441,2.821629722442643,2.4797301729882752,2.1424614297291678,1.8286753721300755,1.5147165034217784,1.1858854355799302,0.8329637848555819,0.48385170858610543,0.13511842532612892,-0.22819407815304307,-0.6236632688155681,-1.06430556670016,-1.543829818898388,-2.0574370376814803,-2.567108730092689,-3.015139265847577,-3.3762916885693435,-3.692465985973935,-3.965304373583904,-4.197821854583115,-4.49964067266925,-4.896499408705583,-5.336896953538454,-5.7910022078767005,-6.28807616360671,-6.82626689587894,-7.359597839229879,-7.749560574322229,-7.88252086449168,-7.848483471959147,-7.728895809225425,-7.354660734317287,-6.760023031226975,-6.235235687366055,-5.850424416677754,-5.469499732813659,-4.97291570892094,-4.1854723672250085,-3.3629658231818347,-2.69018298645854,-1.9599141844011698,-1.0492917805361226,0.05587740834807231,1.271536353806632,2.4399777204860396,3.277322601184319,3.7721371952241665,4.103063895239514,4.600504203741199,5.341042071016361,6.238450123252984,7.1294927226745335,7.983419324126169,8.770027549159838,9.365851144439777,9.97301623257175,10.559557169757555,10.843540804522181,10.926917304429095,11.133834576699885,11.49702637585646,11.830387985463597,11.98513746452402,11.97790431144555
85.03404998779297,1.308502197265625,11.915721311237577,11.67022145018908,11.2691994319415,10.813763686006421,10.407884936448141,10.08381434382137,9.929881032146637,9.847146232148491,9.837690532769809,10.057791605687186,10.37757148383257,10.626691685886106,10.637619745635627,10.4302106735001,10.113914668332129,9.745167874957723,9.343134864640012,8.96339887820149,8.589676531245736,8.249599970033008,7.933031274477793,7.608696859651811,7.285337166012001,6.965768522294084,6.651299115055269,6.328400359765219,5.973102793293084,5.583944447665621,5.177295137008887,4.762605277247722,4.367652215232933,3.986881246900651,3.6142731944669064,3.27203877835516,2.9373151552623327,2.5984357552212174,2.253734426623392,1.9114230573013529,1.5703721857805792,1.2366801237245661,0.9008741002135651,0.5665234476580753,0.22195556122721422,-0.1398266017093689,-0.527616859800271,-0.9587939787725756,-1.4259080473279104,-1.9295027417879151,-2.4479076905812485,-2.944848130436505,-3.3675760579162013,-3.7277818297731984,-4.049761230957506,-4.337482344138248,-4.598862869596109,-4.900911876185535,-5.265796012945497,-5.663094392684237,-6.079598426573141,-6.528205300873813,-7.008102647889915,-7.511632349730153,-7.935619482205712,-8.137648454367902,-8.143143421882495,-8.024727827927267,-7.642244944665515,-6.990099270779567,-6.2426342438476246,-5.629320447101543,-5.15114983420014,-4.76088430718875,-4.324234805674634,-3.6482529053119817,-2.71270918851835,-1.8566431025949968,-1.1304880757306799,-0.44386306088174887,0.24468979026081705,1.064605198091157,1.9933892535755298,2.7868872681404238,3.44865771302362,3.9276167673607985,4.338504591153038,4.8989927122023165,5.645364417880875,6.531225366226432,7.359522856290369,8.021950582917022,8.722034536283559,9.572447093250073,10.368240887947497,10.906289756156005,11.215966962255758,11.381065555014407,11.430094360658995,11.374583579011857,11.327142601351925,11.292069959720974
86.3425521850586,1.3183975219726562,11.235153807747212,11.04662126779015,10.781549435915206,10.45805846135272,10.06926567050014,9.706393114433542,9.499996686595201,9.414710505461052,9.30627155286506,9.31772962112163,9.64668452713083,9.975252095240714,10.104943088266703,10.014748956608086,9.72931176850269,9.37618539678023,8.994658213936798,8.599443577501443,8.26712514936087,8.008862288441392,7.763225154751345,7.4854311796808295,7.190815009908464,6.8580730745956915,6.49044208599054,6.102112582934565,5.672187880721281,5.2148787441530535,4.751601681851461,4.311878359854386,3.914195986011122,3.5500097957117425,3.2162666021515487,2.9211727799316494,2.630105704523018,2.3227893390669965,2.015741466304843,1.7220154194986363,1.4382048337553073,1.151733259415676,0.8584951424511398,0.5615254660427018,0.2575493500826868,-0.05185009546983389,-0.3746227261221795,-0.7261098714858025,-1.125058842768825,-1.5446519602981574,-1.9828722874113698,-2.3947480886861023,-2.7511402507659324,-3.0512675661835655,-3.3005837460591256,-3.515270175965201,-3.7286170236226877,-3.9788546262849254,-4.308599628043023,-4.683340481696699,-5.0458579379660025,-5.41920038343937,-5.872281069198486,-6.401206696186029,-6.901279349867803,-7.210890849719509,-7.333320404525737,-7.351675356107637,-7.058831075321644,-6.303795732285793,-5.447754075863539,-4.776228735844117,-4.29368519300016,-3.805292406494691,-3.056948403073664,-2.35325236022461,-1.89742188325253,-1.4074373185598663,-0.6911102063156294,0.3085622344358966,1.5570263589323017,2.789728571375444,3.4829120568593552,3.604412179043522,3.6334911180078895,3.8617454766622803,4.450267014421704,5.2850365983993095,6.314927943214288,7.493881274252597,8.303083767299453,8.698689571035098,9.055313016867858,9.489015903695005,9.903625199439412,10.209151655735502,10.391280985460464,10.486570353518648,10.652199551972998,10.928488830009664,11.156849052685136,11.312440526682604
87.66094970703125,1.2782974243164062,11.339526140015971,11.24285956127624,11.006149412259308,10.702886719389369,10.558299717520576,10.423768906215455,10.051327352418939,9.788572361315513,9.707620323952215,9.604893998858163,9.658196933098422,10.274841409769605,10.767688559138904,11.061082060685253,11.033472518119945,10.791626131171132,10.454891591855215,10.031574529604473,9.496539070630456,8.93663651983823,8.493160324882687,8.096639113603143,7.713166942221541,7.33511540548295,6.965461602899542,6.619484380129262,6.286925228131145,5.942037750936494,5.571778893972716,5.158460028711952,4.719044684533063,4.280942583018233,3.8658335571535103,3.4644263794613943,3.0868705473623743,2.7231616921449233,2.3787627558958087,2.0339477552050034,1.6866172296358628,1.3648929027732035,1.0531563271007887,0.742242589783309,0.42880519647597326,0.1038476718765883,-0.23422764097842713,-0.6066220554977928,-1.013938288145683,-1.4531153761356959,-1.9434627498507921,-2.4777320537298144,-2.9890016327186393,-3.420727443155808,-3.794404556023862,-4.159792048167328,-4.546883710191118,-4.962368228006608,-5.3881240624782745,-5.8100095068269555,-6.275518244109601,-6.819994313227754,-7.359599703839455,-7.8325538871161395,-8.175066011770564,-8.424634358165395,-8.59748249346796,-8.637627699646748,-8.609631591522234,-8.572666528412645,-8.100210340025093,-7.411738195442977,-6.756454506426656,-6.200027109017006,-6.027724165227537,-6.211240452916186,-6.063207702178666,-5.122138339070096,-3.7429778313874054,-2.22260493155288,-0.7891567231212449,0.2919330973995012,0.9103482846025474,1.381937012129394,2.076528624468105,3.040689952182764,4.232543260295366,5.366107344860281,6.423248554098722,7.361494487075933,7.927917623888923,8.096812095026028,8.21759224013386,8.639955674767368,9.308480497582716,9.942053225646582,10.271283574689983,10.424088399778482,10.46067718440952,10.379768150024997,10.27291585971717,10.213792551939447
92.82454681396484,1.2988052368164062,15.409183621452875,15.285848704000356,14.980179551598571,14.449965194207017,13.850103545352171,13.41266483889141,13.019281161411927,12.94465998098488,12.850843044875797,12.380812860581615,12.101121449320631,12.247539662001419,12.377206289241304,12.238507277658202,11.737496344424033,11.150291617935686,10.688832297936937,10.397089421032952,10.246021206523455,10.21981263717612,10.173907532297155,10.055143137884993,9.907159217667758,9.733397561257128,9.481232277111403,9.127655992784907,8.725176619948762,8.299059010443177,7.891089815409639,7.516428079747103,7.1542232572318705,6.799304536974942,6.450587497317044,6.092963467054892,5.738220455346123,5.4052875053823195,5.10509755654115,4.806298366708765,4.497696173292281,4.183584772649555,3.867881550227584,3.5518797168872207,3.2199687395428183,2.8688050485226655,2.5030199959414943,2.123957850969405,1.727623999603001,1.3062229113854946,0.8647329872771563,0.4433111656198767,0.06633449669656083,-0.2825352329616005,-0.6118885657083236,-0.9133426119451701,-1.200436215731309,-1.5200168031130148,-1.9089705217478907,-2.343990859005849,-2.7895056131763374,-3.294005441858709,-3.8719279076996886,-4.471031886234239,-4.965951614095759,-5.236009509346304,-5.275833623811509,-5.216486801203397,-5.091514642254426,-4.695904276702227,-4.035890805087155,-3.364327104322935,-2.813520345935512,-2.2209738433979007,-1.2093499488268447,0.22100845483528112,1.4818900555973924,2.3046288000941106,2.989364099202746,3.7439859361331163,4.704462853457242,5.676909935541412,6.44251908136575,6.873004209990591,7.0358208872586125,7.209132255685521,7.555627482729042,7.965798613216802,8.553499213388305,9.327628696454958,9.899682521360877,10.405441194537651,11.136837670823997,12.016080794662129,12.83496564193842,13.40672152648631,13.692572389951945,13.830475510275363,13.919269357218544,13.999772277799922,14.046336073328069,14.027688631520121
94.12335205078125,1.3086013793945312,13.981601501747376,13.864258217100959,13.533733983628526,12.950973140658496,12.371428170621986,11.97820350769401,11.649224491607827,11.547124544096658,11.525836900263355,11.334245991942618,11.186774439158949,11.584022788041251,12.09924091418521,12.336061480289098,12.16567844795608,11.682009771421145,11.193807292106909,10.791555364285415,10.398361273963614,10.090318975322157,9.824050220166319,9.528839311929998,9.185315688126838,8.823474897100779,8.452201165711761,8.088706130986486,7.786122449212963,7.491888078204233,7.042877239971714,6.513173140134198,6.056082681636308,5.688555571373493,5.349616286172981,5.022951640671858,4.694175840308768,4.378419263774642,4.0781759339931485,3.806992048406495,3.5321153148289506,3.233128535379767,2.925361893020842,2.607343318661684,2.2733450998292364,1.935270293069752,1.5676943940640022,1.1678666035524434,0.7198196454641945,0.19995770290635656,-0.346609464772825,-0.8925600478137893,-1.414735111905029,-1.8765509110793188,-2.285761751968061,-2.6739170225502353,-3.0887112934368948,-3.5514252735939937,-4.027067727831903,-4.535398313799894,-5.077732057266627,-5.635692903167351,-6.211036487008167,-6.804108430154873,-7.350636635204117,-7.697733598360207,-7.843848835443614,-7.923699436643609,-7.666914675880538,-6.915922372781214,-6.193281648131293,-5.586049425803814,-5.121284192889684,-4.719536428873951,-4.172884518878818,-3.4418748333965845,-2.7281177246904003,-1.8669361558254212,-0.7742779996833997,0.5990384337437099,2.1175435702591887,3.457137231187425,4.12397862921535,4.284611586398171,4.383021008470047,4.824096049448448,5.610985853697163,6.49286349551172,7.3877206048856765,8.201417269038211,8.958747428899512,9.697421620031957,10.545375943895165,11.41524133935503,12.110962589668379,12.491258186967292,12.651236349280962,12.749087654172437,12.814392602960108,12.864398655423201,12.847889451633451,12.836295844855432
95.43195343017578,1.3180999755859375,12.699394162824484,12.417352133593175,12.090394172229189,11.805686590532561,11.607745382614663,11.293323474182381,11.003802778960363,10.921729092565641,10.999822810883337,11.189282327993268,11.424757568652923,11.588293789882458,11.50010068668649,11.166478815599454,10.779222828655687,10.408211585830983,10.02434757619132,9.701714556236805,9.36524579995236,9.049818533846425,8.738942806188627,8.4057292007585,8.063598242039458,7.707132100899993,7.335497687668888,6.940144813955946,6.509808767638038,6.050468457896948,5.598652866278148,5.164064869104259,4.781336898758042,4.429432967999663,4.114827447613587,3.7974752193598604,3.471602361944809,3.1494935554737085,2.8583931338789075,2.592574473531083,2.310212871864327,2.004709830040474,1.6716431908854203,1.3051025972265144,0.9122784062375007,0.5179380268933425,0.10425914807842596,-0.35445900206831843,-0.8420187284775731,-1.3551331006433942,-1.847343448800015,-2.291572712627538,-2.658943245478369,-2.9672162401726485,-3.214315475006704,-3.4085000058414656,-3.6091185397162655,-3.903042151064055,-4.292447998398028,-4.67726346106691,-5.03814147562322,-5.436057548892129,-5.910623216964776,-6.348441337916433,-6.663878945716222,-6.740754633452784,-6.617829673600836,-6.362603885520077,-5.751849409256627,-5.108844195725995,-4.529836352247662,-4.00798851325158,-3.5830176982220276,-2.9849254105477456,-2.059713473476697,-1.0608234306595679,-0.4107796365613004,0.1022092758378026,0.6969471611639888,1.500414668760704,2.596577980858215,3.7936872725775785,4.759194956931513,5.370216719041695,5.793468207369341,6.281893781281913,7.015752247576946,7.988354401473254,9.000808501353543,9.723151701375855,10.08549127956016,10.315128254998683,10.538440459392799,10.80677758828561,11.025432067815844,11.064617582584598,11.03297593601104,11.150575252334002,11.411388380499359,11.6228831348228,11.761700551907413,11.876070320281736
96.75005340576172,1.298797607421875,11.939726442516049,11.815954800252365,11.548230497726282,11.109753286186764,10.493560310236376,10.04179815346544,9.895595649584235,9.931020698963097,9.78139201867175,9.516909231146416,9.677183092221982,10.090261042613237,10.342431997439276,10.250645950202017,9.931061828294377,9.567020193580378,9.172608188564285,8.886475446508136,8.646320261713988,8.376841682310472,8.166340477494813,8.023906735778825,7.876219357656557,7.660527994603641,7.363852381057726,6.9926975666185704,6.5540495550814315,6.09813329827199,5.649178976377492,5.232229410161409,4.833250150146824,4.450724524148842,4.0879249874998695,3.743799791502033,3.4188563403775047,3.1349581767356325,2.847917065905482,2.554852973925578,2.2581749730227267,1.963845926795595,1.6629888724338526,1.3534949312980702,1.026357582842944,0.6971850536404287,0.3566937875636567,-0.019806163254262987,-0.43088448426175563,-0.8898715969758573,-1.3934516406900594,-1.909556142614173,-2.4135553610746743,-2.8733742320167073,-3.291785878571212,-3.658395671619711,-3.9753168830975714,-4.296199034166241,-4.668739692514209,-5.080333670098918,-5.489185862052898,-5.889513785531643,-6.3408448750338815,-6.847835799112087,-7.332896281132711,-7.688276067790372,-7.845330139534588,-7.777126673907121,-7.638961634376584,-7.44132840507057,-7.007844357855174,-6.492913219717506,-6.224699075689311,-6.069006673405619,-5.791968235623112,-5.214985639171735,-4.577009766078059,-4.141909023622798,-3.515375432488039,-2.5194093189585196,-1.22222292430686,0.13419986549677526,1.2576972883416704,1.825617324313709,2.0631310871990203,2.3832457550695785,3.1026164850796922,4.174828577644432,5.365624113254127,6.600666761843315,7.848451006324313,8.764061046094358,9.217659851344031,9.522580103352393,9.91232109359008,10.335530885667726,10.652781237113441,10.941833722884692,11.33533305633155,11.708908063442818,11.908104648861851,11.928535902809356
98.0488510131836,1.3087005615234375,11.815552550262954,11.630818650342404,11.369295284980414,10.989383686532447,10.596474835740546,10.275031373690005,10.032671930629538,10.123640338014447,10.320056120992874,10.503853230809552,10.762181716878809,11.061167636846132,11.189270389446662,11.084307207928614,10.805376415198195,10.428106876736154,9.987613315294526,9.564317109795686,9.144241958232158,8.76822413385052,8.451042138033294,8.14719942807725,7.829086411002611,7.502063382179513,7.1873082476995025,6.870183153431685,6.535614545681461,6.16406120932942,5.766016193793678,5.356177004541867,4.948983190037964,4.581413232000599,4.239225344258197,3.9211320756168035,3.612490435112247,3.308857736413897,3.011256125113628,2.712359628274951,2.4079284693567495,2.0962277559892386,1.768346260568308,1.422768915089332,1.0658778945689382,0.6948809738992429,0.299431103672991,-0.12175157232784461,-0.5814125884926991,-1.083111476743579,-1.6245113344295936,-2.168140511145067,-2.66385694289806,-3.0947089934722585,-3.482500794323334,-3.822577359298405,-4.1190737937377495,-4.412633281184801,-4.759676508252327,-5.163757029539637,-5.581519425740337,-6.007340033643361,-6.476753710113699,-6.979871510105108,-7.4525698634436015,-7.776999103481993,-7.864383329357693,-7.814701852600159,-7.694326499451111,-7.400329769281118,-6.770984278121157,-6.107504243917071,-5.634449040946908,-5.25379519533484,-5.033351012728292,-4.963178281354626,-4.632163100952941,-3.7839642963826408,-2.5792447233533897,-1.377948421590994,-0.352057658143554,0.438852809970365,0.9690324398461156,1.4765435357381553,2.2096669551521373,3.2707947802922166,4.523711524268846,5.82672647126681,7.042771099135543,7.805814264000115,8.05501519382729,8.121948145758012,8.453855642532202,8.989848180584243,9.509537374501868,9.873622257005422,10.159907499409934,10.414077856070628,10.599872564572317,10.679727199411959,10.73860061235523,10.786798976348484
99.35755157470703,1.438201904296875,10.7570960959984,10.670120643870217,10.540137597851627,10.329123488511597,10.002939288810595,9.558842306939932,9.190474671258036,9.03368583058272,9.067221502449694,9.345902875571747,9.7917525891185,10.283075613500356,10.552935733051992,10.367675433804392,9.930793030746113,9.4446384036072,8.904428042035391,8.292694796705359,7.763724701075514,7.341541664342903,6.9955563252505195,6.6517725132912675,6.316857850908778,6.008007518091708,5.711025305541245,5.41409593935071,5.103543467398646,4.773069671186076,4.448512342711172,4.117913080054468,3.7845310302306303,3.4617143563485837,3.1514276119984066,2.8460177846162695,2.5309583638042534,2.201103003689777,1.8753931116857623,1.5522503756690655,1.2279319866858034,0.9122768806864998,0.6070636154523865,0.30000435798062813,-0.025518703240014685,-0.374133609126608,-0.7382518243103524,-1.1367841804980217,-1.5675689394764538,-2.0247178600107314,-2.488827753135856,-2.911736842114485,-3.2990601166856073,-3.6660361243792856,-4.014697059729102,-4.326488853247173,-4.63152619170468,-4.989199553961219,-5.401189992861166,-5.841038934164297,-6.338326047725977,-6.91211374531428,-7.490957108216297,-7.984893581304068,-8.33767829098796,-8.506928708257554,-8.556016946506084,-8.518356828533156,-8.152117126110038,-7.5270337606205,-6.994348009893004,-6.585296902532915,-6.2774066890477505,-6.106193970175135,-5.914840346732974,-5.433405718410989,-4.561488316558971,-3.3903104976337457,-1.9899814523182993,-0.6924668415351818,0.11552215696863714,0.55606377234978,1.0289898228729575,1.9121574846235185,3.242440058546141,4.881001027634193,6.59211825210913,8.17462137299541,9.325379463637734,9.714414262237725,9.742582457046696,9.76011549444209,9.935740279444783,10.222695145889999,10.60022675136336,11.164151846535754,11.673826108525702,11.87195611795672,11.707921176082356,11.438631897212634,11.231730290835356,11.07998365131449
104.970947265625,1.2985992431640625,14.054996284995422,13.95874996104973,13.70298053643721,13.29725385113629,12.884004264466023,12.702431450397805,12.442596979505204,12.17845304226765,12.048380638402417,11.747547888864183,11.225366896928866,11.236342128420727,11.634913127768154,12.101614543102086,12.18073052547409,11.794178237450689,11.233163281177744,10.799463688494814,10.47569189269904,10.233583916313329,9.98532676280307,9.687579309286667,9.389562925016689,9.094734056667114,8.813185428494615,8.527271036019286,8.216152114345986,7.84600345420627,7.404234704158228,6.93694924698734,6.467722407679767,6.0330577541932975,5.638550628544003,5.2828579066845265,4.96402973284445,4.657649882317577,4.346689591900341,4.014179176664654,3.676463670882015,3.34877551353371,3.0095115299263346,2.657974732018155,2.2933851169666575,1.9208885039180752,1.549877724378845,1.1691152905990858,0.7707807635315943,0.3297051498578252,-0.1288139944963624,-0.6233451114419926,-1.1508631836605159,-1.6715548523836987,-2.147396609417541,-2.5587121909965655,-2.9002695441075335,-3.197740506519711,-3.4832714870344286,-3.8135951376867663,-4.200272029352549,-4.639047880296707,-5.1472167628765595,-5.709206817256349,-6.295458398421215,-6.8321984726842855,-7.156176190213295,-7.245321854580189,-7.240521055252615,-7.190964367869414,-6.795107535786743,-6.091388495554679,-5.524528074167571,-5.120834924391961,-4.6759870665098795,-3.9712578699405094,-3.170064291226608,-2.5348808899743287,-1.8601489495298842,-0.8949178545623666,0.3476202279456427,1.8225993505267997,3.356027476761057,4.422374407602536,4.919533218670219,5.122213701228388,5.4310281912460034,5.997805974796176,6.792925938853432,7.607891227395821,8.359872367197818,9.0830430772442,9.803531660104412,10.492755985903173,11.181415563708825,11.825454146782265,12.248899264690678,12.55010579310997,12.930681056852023,13.336464272531876,13.560706472785547,13.504808399778591
106.26954650878906,1.2681045532226562,13.334097127113491,13.020367713960672,12.541646182085366,11.9403324433092,11.489355611467731,11.255003019650939,11.045244557338334,11.001868177009726,10.939155208099157,10.702379945441514,10.60767758105452,10.975523853344525,11.394732044000369,11.590893039152233,11.394124445227819,10.997250452030565,10.6218749705803,10.29755692536165,9.947675763395365,9.57880631094563,9.22045838722132,8.89670713486455,8.55583727816216,8.18471956146368,7.788166041652248,7.39027847816246,6.999781397637315,6.598589261342405,6.18036077887793,5.7452746260230665,5.313979370865689,4.906708857809467,4.513717014717397,4.13352218955647,3.7587112998667154,3.384167658445664,3.0187583819429005,2.6773507084715344,2.3457063383056953,2.0185890866048317,1.6838337736344742,1.3443453226504885,0.9995485294664508,0.6409165420958641,0.26951638980523057,-0.12977904142037755,-0.560941533443674,-1.0543115727884673,-1.5838662453611392,-2.140268578063056,-2.698834898029289,-3.2272635932989795,-3.699268471625771,-4.1096915555662665,-4.479437872412004,-4.827807471376086,-5.187365061188325,-5.60730579524862,-6.059303564642048,-6.489069856698249,-6.904491666326921,-7.326622363288598,-7.719252094251574,-7.977458617944637,-7.977670648673035,-7.726403488337068,-7.319366239543293,-6.6861946529002925,-5.873806999367927,-5.186284784048158,-4.731844856147062,-4.343332638110818,-3.8349633644335532,-3.0466713522930027,-2.3822059170046783,-1.9676842725349686,-1.4717028234696523,-0.6217865563317861,0.5272657725539082,1.8606987579531546,3.0773681692693664,3.733643553634903,3.994391298677695,4.2514596368401145,4.780435862584284,5.607372321196715,6.6526751998416565,7.735245408496078,8.819681929157271,9.78292597366514,10.375672740087436,10.779821671827262,11.133750552881445,11.38546715380939,11.480068175565757,11.636921705590328,11.981667787241747,12.264987294061827,12.374901619879504,12.357430686345747
107.53765106201172,1.2889022827148438,12.284729201261197,12.058909981157388,11.672117798896647,11.246975630952294,10.891239992348792,10.702675170561227,10.28752122724169,9.841830059261305,9.84413804000555,9.945680884693468,10.195245736875474,10.620599512828582,11.077550111762454,11.341134398150038,11.314873936613965,11.015551583582463,10.569673401776447,10.093883824516729,9.608801199431298,9.124447483450444,8.659387176809503,8.225624814685004,7.77416921222986,7.347336928959069,6.925797807353851,6.515143048354109,6.14453025009471,5.76677090952148,5.3539481302247705,4.924791759357504,4.511010920723953,4.112512081506275,3.730315445096547,3.364728160807278,3.0238124608381924,2.6953377578512216,2.3774779243766524,2.0695475565056585,1.7515685561593286,1.4094719759652838,1.0528563806060804,0.6740162319503443,0.28877600529404035,-0.09243230214911324,-0.4632119396865714,-0.8346960045283542,-1.2413390326839826,-1.6867791568746147,-2.1596604829636328,-2.6529462949097895,-3.1490721019186068,-3.598989102353269,-3.9617020941790844,-4.248858842489119,-4.508480542853559,-4.794004265938683,-5.18681293019996,-5.656148486900971,-6.133387877114234,-6.603899599584766,-7.113240173682681,-7.589992023963419,-8.007752941959998,-8.258996563476105,-8.345243457327136,-8.198903307606653,-7.616847908047638,-6.875421254986168,-6.420833583627687,-6.148743908959939,-5.745491272447294,-4.930397583611589,-3.9721095268203137,-3.2172332569949518,-2.6843614616282214,-2.0251169670960296,-1.0866320311142135,0.15156520234373272,1.5872940619498714,2.805014241660954,3.6017593927281064,4.005737600097832,4.324451799486307,4.82311289365742,5.561324592868418,6.390072259204047,7.196373184649146,8.036747299769699,8.91165028187616,9.470626722714126,9.838310180634444,10.362027240020087,10.931294895969272,11.200164430825328,11.37298192409183,11.716903068211977,12.132896227861199,12.465447710575095,12.66468259684823,12.693569675271595
108.82655334472656,1.2986984252929688,12.580966193779222,12.287744724377852,11.896244775297847,11.35884690322249,10.768606788784759,10.518863539997007,10.323364649396257,10.017608689416347,9.992977684420126,9.849326925106956,9.39331819939996,9.28073395028616,9.913806263924101,10.285301225906665,10.478532014090911,10.152060693485218,9.685364380619127,9.322469313405469,9.028813974271955,8.69779903862906,8.39214182489405,8.113805612966186,7.76652109922934,7.426186117507784,7.123254761430491,6.818430317319552,6.461338200645896,6.076353001174913,5.634562978562283,5.146619674074933,4.663454193464657,4.2243162174200055,3.8250704403580698,3.465824703329874,3.126316941347448,2.8045321915462353,2.4852822711256404,2.1615640522901245,1.8391748344495022,1.5067106123766052,1.1598008988224313,0.7990234028962967,0.42573035994335684,0.0320071834942707,-0.3776785851217399,-0.7964017187977528,-1.2258221011576966,-1.6876327576599215,-2.187133186425358,-2.7368605657558778,-3.2918538228916248,-3.79012623728526,-4.204671872415762,-4.566510850707719,-4.886932911550494,-5.164625073350364,-5.411950911396662,-5.720621802435476,-6.117644553027149,-6.576645860081898,-7.030135182145161,-7.403150495366965,-7.600363951382798,-7.645918754088197,-7.580176320788484,-7.306825912168256,-6.689704887157666,-5.904523713863572,-5.090736334362978,-4.326152594111682,-3.7312903065094902,-3.1641579649783615,-2.4914198067473965,-1.771573001747723,-1.2594456479035083,-1.0250268202955155,-0.8043734503917358,-0.23943773688210557,0.6796134956717987,1.8480265101903024,2.8827488504087,3.513913329672907,3.7273298066937106,3.743774673768847,3.863994717340851,4.221245124975157,4.697304576058263,5.254947625762296,6.002635418474642,6.9341665599439395,7.8648578876743755,8.826634707157211,9.722262326456535,10.213468203019136,10.450790561788962,10.705580718021809,11.013527856098122,11.219145043067345,11.34424132915397,11.372716869442502
110.12525177001953,1.608001708984375,11.288786919160069,11.022022281365926,10.51612132772303,9.928697787860136,9.556583609582157,9.252293381599207,9.14726848165354,9.119711120092344,9.014914242910757,9.00905759308822,9.454020342366086,10.05526360321704,10.516464371279282,10.569452459960944,10.032749650905004,9.406843185079547,8.92652150028938,8.514647345592934,8.082873541714536,7.626777743674521,7.2185252664282915,6.84559167637532,6.478914951001788,6.110921902930358,5.738236202140514,5.350246316918987,4.974617173134061,4.55718868507982,4.096854039328273,3.6468441184418703,3.2179751795805456,2.802424077472339,2.4125917369833525,2.0500814503865294,1.7007570476586555,1.339186852750304,0.9843539562485287,0.6345834680733738,0.29736753954455375,-0.03566151577924073,-0.3664306809110895,-0.6894078042247137,-1.0146696392478165,-1.349030971019714,-1.696368605985947,-2.077008144846891,-2.4987986204295507,-2.9695080163105043,-3.466915976556493,-3.953732481533501,-4.355845966500723,-4.677138783701362,-4.984992837118544,-5.287396819439976,-5.619110556858412,-6.022275493938697,-6.4721141841391185,-6.921281509211401,-7.403014438224659,-7.892756892788308,-8.401876182652265,-8.837130336147737,-9.055578291158737,-9.10730061047627,-9.10432434937774,-9.093188933042637,-8.789144945039288,-8.26206793298174,-7.758278651763125,-7.185993267698665,-6.599254957952222,-6.279464869384226,-5.995007485544472,-5.315878357246839,-4.18974861297084,-2.634146727477334,-0.7139033322837289,1.4142865352566099,3.04227319769221,4.074588696124821,4.637862630331401,5.090332605938987,5.673365864170165,6.342782597466737,6.9639557009567055,7.4905408979985335,7.951209823728921,8.210324300868848,8.178004154698325,8.164554392153253,8.385621878040215,8.814825301328272,9.488243774454372,10.307697364506765,10.809080960180633,10.81793941351676,10.538809966238599,10.211341968064275,9.972183506045646,9.856730974674882
114.50005340576172,1.318695068359375,14.494684247062331,14.239300549683348,14.004947486200116,13.627717239838674,13.248570829287747,12.783573519092874,12.35420548168933,12.492526032933196,13.032094972798346,13.431570798808403,13.501668042304694,13.370982138949127,13.307579625001747,13.289422583281246,13.073973725967512,12.691251631481832,12.282883692281803,11.885718545771802,11.518339608357495,11.174664808841545,10.850903089836683,10.534306832557565,10.208162737561992,9.860542008108863,9.480661710394292,9.080140906263823,8.661582142781027,8.239309136781305,7.816407235657015,7.401023383322547,6.998881561021473,6.61716227544588,6.2599401236749666,5.905204735002605,5.568339170222154,5.244636449438829,4.947780545884292,4.6580315606832,4.3630655896949,4.050177970490041,3.7245156719944026,3.400944786371158,3.0706424679490767,2.736584755346277,2.3895536868569365,2.0153279594571645,1.6058213508224466,1.1418756190893258,0.6572657987414032,0.18107313543443532,-0.2409427488626106,-0.6230059400465634,-0.965467223519948,-1.2698899577097182,-1.5299440617380402,-1.835771519892723,-2.2362994621679366,-2.6820348926740567,-3.0830788735690993,-3.4562499682457215,-3.8946991770824226,-4.341091004477508,-4.659074970397659,-4.7405186063798075,-4.623408453521112,-4.377285292735061,-3.8856898164016522,-3.172855969589206,-2.4542689087340555,-1.8855222090514332,-1.5302693630271187,-1.2369195806430047,-0.7541968585486716,0.18117734986652048,1.2529916421989045,2.0930958737969316,2.7207115626294502,3.289323655674933,3.958874946476756,4.848096200115304,5.971174883381967,7.2082791342505015,8.307622777952703,9.04658069129742,9.44586741500005,9.667565465426874,9.764356429406032,9.800299171957777,9.881479743582542,10.042698144828751,10.437485015658119,11.214443531506667,12.220544116543463,13.061506462008518,13.638598767208292,14.07825618468062,14.466759509382593,14.788611078515872,14.951700717027219,14.93080937568425
115.8187484741211,1.29840087890625,14.787910654662413,14.596025341901267,14.355589467873992,13.909880394730685,13.261446410179309,12.832121203476873,12.513209169141348,12.200614595912635,12.117831066076665,11.941764115123938,11.43807046392697,11.014936957496097,11.31814172524837,11.775616794065765,11.951956681454577,11.677562581393929,11.030237009471195,10.44575579948069,10.030935485245854,9.730768148067392,9.484650196901388,9.310255847470453,9.061396171431454,8.756058095999798,8.464728295806651,8.167233457865823,7.8059801267959825,7.376228740824619,6.920263088294347,6.465380558780804,6.042122803702853,5.673385339168176,5.332430939780229,5.005550789353581,4.663974852415304,4.310286540243534,3.9751527655297907,3.648610381619703,3.335629347615331,3.018871514067823,2.6829977142556407,2.3093392678903233,1.9230613828865941,1.5225035977056958,1.112316529827062,0.7000015117822078,0.275266202058081,-0.1746377660250537,-0.6772117772751995,-1.2232553684063143,-1.788278192715699,-2.3133576959164506,-2.763967839618313,-3.131471027374482,-3.44428556875289,-3.726974247423953,-4.046037927964456,-4.440220811136518,-4.882704651416512,-5.378394319851347,-5.964811678636522,-6.588280134379535,-7.1813686342741985,-7.631388389824305,-7.867314308536611,-7.889297874905111,-7.67269838498054,-7.112125334762533,-6.302787581031586,-5.7073548150663544,-5.34452178837009,-5.007570335918805,-4.236860502978257,-3.0267307439794977,-1.9430483049846943,-1.2164928803675934,-0.5436961522249163,0.35484825379684676,1.566388482750581,3.0034235048304603,4.283270940951212,5.034391075672297,5.40534116847076,5.682974412778706,6.101950149707478,6.783747456055862,7.573270613782173,8.36341505369718,9.250397778395326,10.138710607801462,10.816929191439554,11.429740989538345,11.993669860403399,12.308138176887581,12.466267353602069,12.755356431986103,13.149758889607655,13.494052526694727,13.706095702123857,13.742079993723141
117.11714935302734,1.2982025146484375,13.609097778071622,13.320278247581486,12.933371811584205,12.477412667660097,12.103861339997232,11.649617966135457,11.118957531949814,10.743374617937109,10.663571377089973,11.183201950817523,11.996633098555947,12.684339829706998,13.053481541596877,13.094639645177393,12.762984833799589,12.209446509465426,11.640667371029178,11.112518158094531,10.595327769574393,10.140706862827713,9.759309250113743,9.377827250168123,8.980865904455806,8.59555815730879,8.246235364102931,7.924707456754067,7.606746552156793,7.264939243968947,6.88309626989506,6.465500496815022,6.037992105927861,5.615308777413526,5.20601986474345,4.828399598024146,4.4742353449266234,4.106469602171607,3.7257684685898296,3.337942887319834,2.950955141325323,2.5524332069956603,2.152434149276034,1.744567570470017,1.3303589368388156,0.9159974293695128,0.4882784354966442,0.0173826247866416,-0.4873235284656172,-1.0245240018772095,-1.5745597668423343,-2.1230883719376203,-2.619482771962215,-3.0479457739336797,-3.431370208919513,-3.7688180108849556,-4.043767920473138,-4.370652049997086,-4.791745169362839,-5.263576879527009,-5.732090683381775,-6.230923363797948,-6.839647314795594,-7.550173567036963,-8.274242551436087,-8.811317929558308,-9.05418636215938,-9.12148956323244,-8.83872604635502,-8.090231874060702,-7.459054160936785,-6.99534711593495,-6.516555085216985,-5.716959275738586,-4.652263786134719,-3.686401093464547,-3.04350628150128,-2.4434177434836517,-1.5538400224315543,-0.3900124712358817,0.9241305985771111,2.2173351259026375,3.164824770601242,3.7587529064379526,4.250044042229761,4.950642275572923,5.894053727504557,6.849494908832598,7.76639590991324,8.692691793804308,9.468002228041719,9.980608255152688,10.437798123551737,11.067488002435166,11.695671015619634,12.147887099002892,12.419559262888953,12.707345923323498,13.092281491868196,13.350401948077625,13.377428987976868,13.241853516434617
118.41535186767578,1.29840087890625,13.138791333453996,12.927997722417192,12.572761110880144,12.171462324745306,11.890309553571925,11.518906152064439,11.24890515262274,11.08424332201717,10.974011987299308,11.163464346840986,11.689296342360878,12.118499877941506,12.38438630343514,12.341170757290218,11.992984876782982,11.569963491247067,11.158660050935383,10.750311499383669,10.336793050368856,9.969868188766624,9.654954434462164,9.302835441437272,8.915393504659008,8.538732843413195,8.201039838099996,7.8640840786849315,7.481590430695993,7.039108973872954,6.560287130319038,6.081463549767157,5.619309972677805,5.188422777049398,4.793858317905011,4.42088037618215,4.0452193357434485,3.66646294455139,3.2916847681394414,2.9157044470265525,2.5247740855715626,2.131019091666153,1.741658402905336,1.3503245616133146,0.956314574805512,0.5538684868034212,0.12856788569356495,-0.3274016362753719,-0.8119396866190592,-1.3354400552888903,-1.8625410373719014,-2.3608868487908334,-2.784364936358056,-3.1495860068379393,-3.460954784095531,-3.718403380095955,-3.9788374993687365,-4.331956515736502,-4.7317336223638895,-5.1647500228250545,-5.673208435567912,-6.2476983513769415,-6.873147773953539,-7.4385391222968735,-7.921247328534312,-8.34465560643659,-8.716994183466284,-9.00949986785811,-8.831738888706687,-8.07575659415088,-7.457200438785224,-7.025396943403889,-6.6189740211650205,-5.855807605254253,-4.848712533951488,-4.063031632444548,-3.518563257952308,-2.8349453825585225,-1.752018334495861,-0.37742219843853736,1.1689378462245301,2.5733296801507373,3.437190864122856,3.930498472496915,4.435716495594779,5.143419427342032,5.997709599796466,6.853178070797037,7.579031279695117,8.131253933164007,8.663307540514314,9.189859161939323,9.674520876169543,10.310799959937892,10.968131638129057,11.413376047844938,11.813570182722595,12.19718950659325,12.533825848837145,12.831691275264683,12.911160114038431,12.83435853647254
119.71375274658203,1.32879638671875,12.676893488561484,12.549258151586004,12.355913515045406,12.028958714505686,11.714842939939883,11.334241037883565,10.912685104375942,10.67748495814227,10.594561480340026,10.696369107721427,11.192685859692725,11.788221100556706,12.16191971338393,12.283728090463395,11.987929712233436,11.418562105581211,10.829452584203825,10.366666517362615,9.955189478103101,9.590938733216708,9.267157768837732,8.884191415484235,8.426625932175142,7.9905241601701045,7.596498050485322,7.236107754836901,6.885674430581516,6.493301881035186,6.0302361037408225,5.522355249896868,4.986583379741497,4.4650648138495805,3.9953005692402352,3.581650500964586,3.21520129402448,2.84789076466359,2.459718128906792,2.0532347847488466,1.6488222708476645,1.2480962382501213,0.8535453536087068,0.4582561697087717,0.05925257156795884,-0.3424075550362985,-0.739343095518156,-1.1412115551017439,-1.5623999564858344,-2.0122799639893603,-2.51132461952363,-3.040313062789771,-3.5552042353359083,-4.016972828977007,-4.397751465495148,-4.71293240855045,-4.9879793785620485,-5.273047748869541,-5.616632610582455,-6.010042848254215,-6.442304684494599,-6.929204675925708,-7.499736903687844,-8.149642129736062,-8.771755770924033,-9.230307967017472,-9.497791819096033,-9.612802170536533,-9.39642532450934,-8.6431841191024,-7.80886562544409,-7.159069064790453,-6.523627872880474,-5.823389989667744,-4.904717866370645,-3.989634107498555,-3.3982437442285,-2.8502895416232445,-1.9472489721333237,-0.6853652020924947,0.7868817610433392,2.2913643859710606,3.332116744076559,3.8713065656902232,4.133003547350843,4.552275804974757,5.266508414275104,6.121836385620713,7.061741397314941,8.15670607459343,8.936596584074202,9.2612952675136,9.618958465048895,10.14501083195253,10.764383885519614,11.301303953303186,11.65862893567723,11.835062943980647,11.922839841623995,12.012096690194063,12.141133140064516,12.325911558587345
121.04254913330078,1.5281982421875,12.333992589377258,12.146774316491255,11.846316249021237,11.43457848027569,11.079399513424166,10.859749607118497,10.598116874730227,10.441205661651374,10.423540111063446,10.250562705062265,10.085473791945454,10.357389451637138,10.772428264854355,11.02459240710474,10.923677236162844,10.498305128673167,10.037240585182012,9.623190923216622,9.093479513229834,8.554561170941044,8.091732521811887,7.694758893634751,7.2978464935208835,6.925704845378796,6.594232885495863,6.294158541139656,6.014903320584468,5.716720341282454,5.3330197376872315,4.9158463971217925,4.492352763045958,4.10964806082777,3.763264922586367,3.441974819292282,3.118426668991233,2.781038221562031,2.4448742911436105,2.12136258778926,1.8074042499914187,1.4846206221605591,1.1623805516140813,0.8366988692053696,0.5025681780532101,0.1619109457644322,-0.18616507854859762,-0.5609170989015902,-0.9964151663818462,-1.470292401849039,-1.9761197215559796,-2.491480186317939,-2.9779489178143117,-3.380142430852096,-3.7229845755815427,-4.035250066882142,-4.309625089063122,-4.660103816077357,-5.085478535003072,-5.53252702345143,-5.95283300594711,-6.376374522473135,-6.852990986749289,-7.293350598937042,-7.546855418234116,-7.602472437662341,-7.557424070344113,-7.453690001834397,-7.192188546170268,-6.602945723492256,-6.012886082682939,-5.554260062756362,-5.100905815699579,-4.608300617185337,-4.003613576922816,-3.4005576533163016,-2.90226661434073,-2.243666265177087,-1.16937042325726,0.17246464032755937,1.5531821102478773,2.6327728862847093,3.2162024056695757,3.5656663155356108,4.130391815051968,5.059337570447412,6.224604276466338,7.39937168989971,8.615982452295674,9.670059959127403,10.169574688636855,10.338774296514062,10.345271569179822,10.358432973744318,10.706943303515033,11.234053032820293,11.540013752965928,11.502253886006601,11.201974522791994,10.871759592532083,10.60126191223914,10.416182454943533
125.54734802246094,1.2786026000976562,14.616262136786977,14.439736281631154,14.208896043857965,13.895335588631935,13.517300017357096,13.172366390207479,12.998987116170877,12.905406895016966,12.64166426553353,12.38970464039155,12.539778293416633,12.887816208969026,13.128862795795317,13.031007569803847,12.70596329296348,12.306961746811405,11.910921698967554,11.551051554211297,11.24194539966292,11.00678801744916,10.797688962324417,10.543687957074988,10.26165038250245,9.945263294163913,9.576106475063483,9.16312418566781,8.715243661246936,8.251889789045569,7.798457504384693,7.382563243033406,7.013371149107491,6.66964604170046,6.325256636873302,5.980855137635714,5.639934989189775,5.324547006248438,5.016811185899779,4.708568959442615,4.381732446622099,4.0561623711352555,3.7476109475564967,3.4449101111006257,3.1422165891976435,2.8302498785508576,2.494382943990197,2.1243854904540047,1.7137360055212767,1.2455760203459016,0.7352060458451244,0.2115567672525131,-0.28754514554018307,-0.7480189687396153,-1.1722278749213657,-1.5668199702982197,-1.9521641806229277,-2.3887730251162806,-2.8652204141048543,-3.3177759912655054,-3.7341794613610584,-4.185351270956526,-4.667621639235483,-5.12163879867472,-5.507766683866526,-5.756364235052461,-5.843975448176736,-5.814701744289516,-5.551448605872974,-4.935344355506542,-4.176239483164509,-3.644078652300801,-3.3031407223676617,-2.95843318993852,-2.0654876916781317,-0.8242755353406277,0.25110024930173497,0.9822957939773641,1.6111982132784544,2.375755134175314,3.320840306837467,4.441721841628112,5.516983293276599,6.297418785661807,6.730827340143188,7.072352526335875,7.574497379939274,8.194365343564417,8.781091651442484,9.335158186656031,9.992254039781425,10.602894993946775,11.173941998366205,11.92575205952626,12.627824039379133,13.017769055603797,13.31790861337566,13.725133888778245,14.124769560329463,14.322069632938963,14.28018568979224,14.082303815367403
126.8259506225586,1.2585983276367188,13.938943689697435,13.705459675949513,13.366064495457726,12.982840345413404,12.60471368770326,12.30246416415787,12.184335913601942,12.138153671163073,12.113700990217128,12.150883858134891,12.227649642686673,12.206580158454171,11.989582952370691,11.739859143363123,11.481678904253076,11.225103668293732,10.97444114260869,10.739682445218465,10.476677724784258,10.201376038250938,9.937590511784588,9.675848875209995,9.403574583694299,9.110272174266852,8.794417819524828,8.436578605843032,8.032613040926828,7.578114933570459,7.116228093155238,6.6758343528627355,6.270758387723641,5.8780560916988716,5.50521508070278,5.134329257060282,4.7689722345016445,4.405003127170475,4.044079488080033,3.6822774127943543,3.312151067808993,2.930785012788367,2.5432634910785348,2.1545590600947633,1.7623063687084732,1.3703953951128516,0.9709543725640634,0.5617938045965397,0.13626879849551732,-0.3139153853513881,-0.7937902175515148,-1.304105993611012,-1.8095519973350251,-2.2817555709193833,-2.6958053072797927,-3.0354825067163125,-3.310311710203462,-3.5477559664599214,-3.8487105652495996,-4.251017669524521,-4.692309245636478,-5.099402238605176,-5.528179878799505,-6.00460344821769,-6.407231557041294,-6.512244386139171,-6.345577282154561,-6.083369059006505,-5.650224049223276,-5.072942353861827,-4.471328601673279,-3.9586471202848434,-3.460381286140068,-3.1104191826410053,-2.4348752095126494,-1.328102267087937,-0.20665124666790818,0.5000134462953745,0.9492148843674894,1.3793613686343424,1.965423301437262,2.798483987002305,3.760536737969354,4.6659184006111385,5.381953937267631,5.913802960147489,6.268587241674506,6.638444003651259,7.176966667057596,7.816281981185808,8.571131158199472,9.461248131079657,10.312473119222272,11.149471474199013,12.02589611978667,12.570933171384228,12.81296957452117,13.066323832913506,13.381624010545089,13.650403479231592,13.721517174843399,13.622613456004427
128.0845489501953,1.24810791015625,13.525650507244809,13.28776349663709,12.831914992567786,12.334025385697656,11.898564439172118,11.661478413601808,11.567565750767825,11.548864020132632,11.426029285081515,11.317233247952473,11.488772688939918,11.812340856607452,12.019516232184676,11.903759462062931,11.549902691010512,11.076136520241677,10.685342312996365,10.348399876140343,10.098354421615383,9.839724997642938,9.629483838094803,9.381551687451681,9.043515537497344,8.643407281906796,8.227109901064027,7.7993082582227515,7.369626548932711,6.924597750249229,6.445882833909755,5.960246524725983,5.498995265090822,5.058381568777117,4.647581995553169,4.2810123089707846,3.9275160350598353,3.5930483049589044,3.2561097074998657,2.923578888227715,2.5881713145432537,2.2424241576937893,1.8715260841008947,1.470923298545368,1.0503271086855839,0.6129998347566767,0.16732588868451187,-0.28238432492698046,-0.7633805185633158,-1.2697990474990473,-1.807735024997789,-2.3664738781205052,-2.931546851808417,-3.4562107667469584,-3.9073993769657562,-4.265271778801179,-4.538282827099523,-4.730509821833649,-4.945976492650626,-5.252495441463665,-5.648271890248093,-6.076910463895738,-6.448661074475642,-6.8192175131459605,-7.167652941986544,-7.40448445063955,-7.438097802831231,-7.327152011644635,-6.981215597624936,-6.329868538811437,-5.5531110648865925,-4.875899788803015,-4.339775313639421,-3.884056749764213,-3.3246199201941335,-2.4616181098184358,-1.1877362503144475,0.09035785706693455,1.1066036626666056,1.8113341169392494,2.3577316394506433,2.8699280433799856,3.387947157256636,3.845501527526431,4.34094348271528,5.027365164932334,5.818419049191919,6.469359502378613,6.917986687058302,7.310387517149729,7.716892244602511,8.201146081147678,8.925996846448008,9.794719918378181,10.628184370231258,11.290252173160352,11.792266349395785,12.269525367439286,12.685593409889442,12.88613044431374,12.91581440289482,12.868844190392835
129.33265686035156,1.238494873046875,12.755970781348104,12.519442909917688,12.104525360850666,11.623285342656745,11.257520087620128,11.040211874146687,10.794539340077689,10.69059846547188,10.564434519304594,10.398588893173358,10.456770184484425,10.774875202323933,11.063373390603559,11.096121369326102,10.703684586968057,9.998705551651652,9.460288396670405,9.189366356710217,8.920735946517185,8.664443523792826,8.450738398968221,8.173678359571968,7.8044908214999875,7.446379226866901,7.1171243563945765,6.779786601300764,6.425318966433423,6.021038075129892,5.582104122953576,5.119564621279949,4.6771089963685615,4.25878580927287,3.8705571017956624,3.501990688735413,3.1345214417921476,2.760170115105253,2.375527262565998,2.003934891366337,1.6357275669735278,1.2568851401467043,0.872292679488291,0.47205867780456245,0.06691433026593241,-0.3416700694611705,-0.7706881267829989,-1.2054317026484211,-1.6597106205751755,-2.1524657775350593,-2.6642167781047665,-3.184686612239238,-3.6971209217356216,-4.175259981976914,-4.575833953930097,-4.909207192164374,-5.1922320790210765,-5.447680490558332,-5.754658939325297,-6.170091590992023,-6.678077918593478,-7.181127544838874,-7.628991628798827,-8.050179275401895,-8.390215127768807,-8.596632434941759,-8.603210463217582,-8.483762695910261,-8.078286006521193,-7.41124411977801,-6.670780646354835,-6.0514447859557094,-5.6526608388724044,-5.228296194361559,-4.209931631523777,-3.015966806915515,-2.1458458056859673,-1.7394124994180546,-1.460038599860878,-0.8871336377982096,0.06743684477563794,1.2852976314705766,2.5770234786033677,3.663065036220046,4.346490120104278,4.6609692305063675,4.921060608963772,5.343826632066842,5.907337456754153,6.521687182333245,7.195011704610338,7.964370928006538,8.823782648988018,9.714574187327544,10.46066009351313,10.949049919601562,11.288312209459134,11.67706552913713,12.016973103082849,12.24205052242724,12.38525784303548,12.498506142557302
130.57115173339844,1.25909423828125,12.41493736755926,12.272657709706655,12.032937175883953,11.718783400978554,11.446904795838115,11.315825461656546,11.093632732411882,10.921826117366335,10.927057185261356,11.048847238844877,11.298261714856638,11.741853810323056,12.0448800070629,12.191518093447877,11.963452936258786,11.55283325878112,11.105722973861367,10.62004333407153,10.061637161595636,9.486834894166583,8.930160987398663,8.375140805339386,7.820097188666368,7.324107428565761,6.882578673427662,6.464869283875993,6.091291328736145,5.726886092704445,5.330223841763025,4.88863774246612,4.435439139805407,4.020562534566524,3.6405731440701996,3.2734271861997484,2.904636744405721,2.527476035558891,2.1527976684689385,1.778262907979204,1.408865522394183,1.0435670804258483,0.6672621852388569,0.2890334211940009,-0.08170802000802091,-0.45434468655654303,-0.835516907516898,-1.249459554629713,-1.6831662496273414,-2.153456015340564,-2.647547760548765,-3.151622936563408,-3.650706374385675,-4.080539586272653,-4.426737582935081,-4.708879332497711,-4.956786135385336,-5.24531464147492,-5.638262407947312,-6.127333863287992,-6.6387602682901,-7.157351661973236,-7.734612068903335,-8.304328350086953,-8.739341510448323,-8.874919716179187,-8.756810038585767,-8.348605022882197,-7.587583646534348,-6.826808586901806,-6.221364145816464,-5.7091846330026765,-4.975107081948894,-3.7279924352808838,-2.3784706344468165,-1.3608311141451446,-0.7557882221150375,-0.19395164438457474,0.5118937968762335,1.431500170402745,2.511301926415217,3.527469343129882,4.272456298733326,4.7068647692505925,4.958042721384484,5.219180221773528,5.634070396649319,6.16651460633004,6.7316775523734735,7.3792541491514845,8.167237976831881,8.955419512842932,9.752959692979665,10.619881420637013,11.214714833394769,11.46072591855888,11.596343126523001,11.72658113233438,11.742291209350851,11.625498154315046,11.501188045901376,11.408373541491592
131.8302459716797,1.538299560546875,11.330397525709584,11.16199999436054,10.798745061063766,10.330425195508179,10.104522787866529,10.063588201150619,10.030039032372475,10.066792473423442,10.080086441690385,10.068711256354419,10.31008576945762,10.763606769245202,11.11784609131679,11.140348301207801,10.78220458186388,10.294540225774346,9.882989456296809,9.44014645244707,8.955558189454461,8.495473258380951,8.035336966763447,7.575108521269444,7.140646986861679,6.729716399623484,6.349777700482212,6.006568624072576,5.69145675623868,5.366754936042555,4.9906067719228036,4.596102273490026,4.213465747332936,3.837591549695138,3.485682419019974,3.1570177500266547,2.8435745960535086,2.529416645971721,2.2096260938028593,1.8860028351144271,1.5492293660686585,1.1976736849006233,0.844948628205415,0.4842994847330736,0.10588821231171325,-0.2822667431984742,-0.6932222387631045,-1.1341577672885017,-1.622917873282953,-2.164517791976804,-2.732861813524572,-3.304028778572335,-3.8171971273024927,-4.209588273943594,-4.5373150257180885,-4.867624665082214,-5.227558449534611,-5.64594660713084,-6.115830412020991,-6.626048407856143,-7.156749105663063,-7.698003971016787,-8.248823691148099,-8.766566476366576,-9.130609676397025,-9.348653099296703,-9.519840013260138,-9.550420181125842,-9.133082650780606,-8.600255655896335,-7.945832903305227,-7.1030457312355955,-6.3934371230884555,-5.908924260300703,-5.517940135598785,-4.907267192601723,-3.8813595774983822,-2.4979911925993474,-0.8225654962764684,0.8283230899188898,2.0304109378231754,2.745448342208289,3.2101980430884933,3.8265632731749744,4.700659297390393,5.734478699523578,6.77718506519786,7.754708649716591,8.559482123536819,8.986810768688546,9.078047029868074,9.178258868534044,9.45961934627019,9.927413765690057,10.550825826067504,11.147819768953035,11.529433035174616,11.585494593253456,11.398475277462186,11.17961082383308,11.019090949847545,10.946324345570867
136.01535034179688,1.2483062744140625,15.677125108879048,15.511175324272402,15.33335094639528,15.048050295766362,14.700311265245746,14.209307785163972,13.760047569555807,13.639742040054866,13.70534511887813,13.897342427495833,14.083631203723327,14.208873300327955,14.174277244813535,14.008931446291818,13.7348510785659,13.417009231975236,13.063438768836129,12.777887483797096,12.519138435953202,12.251878483857418,11.989162910516066,11.69026533345993,11.357462840906498,11.014630661286612,10.644751388262426,10.235114463086067,9.790679219102882,9.306435627743602,8.79447049681294,8.308619897720776,7.857330385240273,7.435295286132846,7.03189201151053,6.659009526233517,6.305155235244602,5.9581570200007805,5.635719953326479,5.344689432114043,5.0773157607890225,4.81172590530512,4.550722132127207,4.278154707164391,4.007037243798188,3.7212677963009817,3.414152271739169,3.0744841557233484,2.6940926587113543,2.2356143937249975,1.7007747667298732,1.0978899722918571,0.46750103241729013,-0.1471077877667934,-0.6836499318125545,-1.1429967235867853,-1.5341973139052463,-1.9098063551714892,-2.378760236777376,-2.9728876931230377,-3.5756924371926373,-4.1236037616881855,-4.659574147367454,-5.227799138135373,-5.744240489934039,-6.139106527939426,-6.264187287780915,-6.180826292351465,-5.956233940729943,-5.4188883825492224,-4.545735353127411,-3.8215788414530243,-3.3463638354221925,-3.009811992313316,-2.42972099367267,-1.3511311585553187,0.16584367702770642,1.5898150636719015,2.76880785942528,3.7609115481097337,4.5136007225948696,4.9994556215008625,5.439800037818897,5.9771553381323415,6.801524827015177,7.878739425651737,8.989499746889903,9.823674640016351,10.37696164807353,10.760071912255146,11.032725348260142,11.304521551566431,11.741453200137675,12.41483391560926,13.109674373523541,13.520613367634969,13.810770153162451,14.240610036494443,14.747495522071999,15.03846290389828,15.10693479103196,15.137383631412922
137.26365661621094,1.268890380859375,15.091979899548003,14.919198369599876,14.61176179620513,14.221477801590048,13.856281232748145,13.641573285301481,13.346189276975819,13.058306015369086,12.857317418761255,12.700433780338315,12.691196664041131,13.041922671928974,13.46631588400022,13.808679759870204,13.684701736838951,13.285133930518683,12.928295227437786,12.629033781745314,12.275416871298416,11.917819145796283,11.534397529506114,11.089106373082158,10.607361482377794,10.142050799901853,9.713787379767503,9.317233290850814,8.945675229362909,8.578975667732871,8.16651767866413,7.6864167982950065,7.194837931388542,6.711253654366773,6.2532072261990646,5.834701385675669,5.441743421900682,5.055231536353903,4.658407506166659,4.252477720702888,3.837057100368625,3.4181046911321937,3.0022167274835003,2.5847851644104165,2.1819121365818095,1.7874184237335031,1.402328653507758,1.0095706326611211,0.5859803669835293,0.1319818771430139,-0.3533852505930161,-0.8725703435536424,-1.401483345642223,-1.8947147387410064,-2.30610898920092,-2.634585943471224,-2.914025647465052,-3.1542281842038387,-3.425899869994251,-3.7816070610156975,-4.207805136026072,-4.676211792061169,-5.178540482210486,-5.736658111624551,-6.268242795185452,-6.6429427033186705,-6.733611673331961,-6.619870397886908,-6.298563428867697,-5.697595441468844,-4.9820344639723455,-4.394001344985578,-3.9231261500066092,-3.540041757665574,-2.91779055923723,-1.8267723926634498,-0.5903397560011975,0.40805344558542717,1.070395999210526,1.6049381502282607,2.1907027376467876,2.919721831355511,3.7707110477304377,4.739755766815126,5.7671611071387625,6.654508275061748,7.244220977618707,7.73638963795064,8.329269607822276,9.00651562668614,9.697385352190338,10.471686792616918,11.39281485379557,12.343696559466792,13.10670916686207,13.602000116327492,13.900688667442964,14.201093025433249,14.47677661976246,14.666131194055849,14.68427341034212,14.531463468646306
138.5325469970703,1.25860595703125,14.359288861531,14.119689272996297,13.85035658745887,13.521855936663991,13.182536066587229,12.88418354918481,12.561458054821385,12.362661826849912,12.489676982779665,12.791764118215008,13.199966490508263,13.622550636425963,13.886333643005939,13.888669443245874,13.593460056544215,13.136365058049455,12.632117494586037,12.052985911506175,11.472475380079661,10.96223046164606,10.54738521987963,10.163202981952466,9.744644467219967,9.290419261422096,8.835137330708896,8.38942562216188,7.953330938926165,7.501753490890089,7.025206630704889,6.5321386166327455,6.028661892057065,5.520607125419987,5.03127824317108,4.571220271197445,4.1619489561407095,3.7789043923590038,3.4035159141248226,3.030468684133488,2.6480772519980795,2.250861939896852,1.8480958207752898,1.4479154799490763,1.0436711001906824,0.635244583416145,0.21965439852990337,-0.2310124244318107,-0.7224104881009179,-1.25966806649608,-1.8403723063080204,-2.452347616665253,-3.046260966944746,-3.58195309072096,-4.035898572117052,-4.435083457762998,-4.810697112626606,-5.181940062547231,-5.605275950252744,-6.072190136473904,-6.546784435159305,-7.040916976236089,-7.593283144627659,-8.193477637538821,-8.798888160253005,-9.224670132236017,-9.327373839159117,-9.201381337030739,-9.061762568095489,-8.78018637285331,-8.163644348846509,-7.535703728260448,-7.023127988109049,-6.570501992395556,-5.948471757607513,-4.917761478778342,-3.6648184328708457,-2.614228688052655,-1.674636054756915,-0.7234439828627512,0.3283516106236919,1.580792111567118,3.0016426326889127,4.36705850372929,5.3721451997678775,6.019658528960104,6.465636673790727,6.91070824620482,7.409852971165458,7.920698717066925,8.425910894674892,9.017902222118899,9.756284383919946,10.572949387158642,11.351336533471073,11.817290964837019,12.109725923235239,12.547393444027588,13.080758023677655,13.406953738954194,13.481651059819303,13.466515336704715
139.79115295410156,1.24859619140625,13.392141394299825,13.074991381354332,12.67193986359153,12.268405409148652,11.98768207194682,11.832803430738274,11.546664108879174,11.28096307407051,11.0712862064241,10.914010389514898,10.946231927120548,11.389882877407095,11.76989787604077,11.984194805072214,11.834532753356406,11.39882425402074,10.980809892388445,10.656794837390812,10.398704872650482,10.212940224191447,10.039529330164424,9.75703138843523,9.347670007850505,8.865727162669,8.380823709474006,7.922546208357599,7.49267727668583,7.078010817558003,6.6200079995501095,6.10693663463006,5.557576114338667,5.0105135060459265,4.50657050953621,4.02942564821085,3.586364278646649,3.1775669578589705,2.780849811890424,2.3841264072455766,1.989892434424692,1.6132384717478712,1.2553691859710823,0.9081122378030243,0.5577777755591506,0.18778630577529487,-0.19823817376639663,-0.6118382478714179,-1.0542188198762978,-1.5513480779182995,-2.0995666413516094,-2.6702747952408283,-3.22211939044359,-3.700014556702528,-4.0885380998744205,-4.411675515765257,-4.6930407109569625,-4.976485238528777,-5.323052122414074,-5.727308906288927,-6.180946962003957,-6.7045184743323585,-7.318411212724974,-7.972829378826571,-8.568885291223474,-9.060116023373977,-9.35542523687916,-9.488514710173352,-9.499049213854338,-9.206579904150322,-8.660597322785502,-8.15262984250992,-7.816095973534111,-7.310903456262152,-6.288009025899354,-5.0135625289857675,-3.9635287536643764,-3.127150535513385,-2.286930638855106,-1.2380197525374619,0.03507816148765608,1.4890686811649947,2.8949738631153266,3.995444097016409,4.771585027981864,5.387350007644272,6.026691978246402,6.804621677066244,7.6269541414538145,8.357926175858548,8.960236667101197,9.459491412774181,9.991933406369176,10.614412864471166,11.067503602932968,11.263397952278794,11.5635259112651,12.188002087410041,12.802894317257017,13.170566923830085,13.30213822088416,13.27301568923821
141.0397491455078,1.2581024169921875,13.120986534766661,12.75369640993034,12.241971208722216,11.695805795189859,11.448316578957375,11.288938515967535,11.01212509353534,10.769537852027556,10.561528513719553,10.378805415973206,10.54244777311533,10.945665727382433,11.389814608941046,11.654193052486804,11.589493751205108,11.248162154916088,10.87022624596677,10.534579259597207,10.183407937848866,9.804328292905723,9.40577754528671,9.000381880064865,8.528615302205978,8.031859313366501,7.570653394676386,7.169537618164384,6.794158095882938,6.422193765510061,5.997349848190885,5.506601633378008,5.011967407245288,4.539674858169539,4.10087073582699,3.685541652356908,3.281939416158379,2.8949261604828957,2.5109397968423366,2.141587678543109,1.778698617973142,1.4114152550535104,1.0309039873166177,0.6383150387777142,0.25291645192573353,-0.13583223356437957,-0.5392620475605658,-0.9733668137357825,-1.4724895163095162,-2.0389303565294488,-2.6626818881615257,-3.3007213654921133,-3.8800138058427995,-4.351887030550485,-4.737080649563544,-5.093890417623458,-5.442951643742901,-5.835514142033355,-6.3142475740181645,-6.807348391516471,-7.244858710467171,-7.679109724238951,-8.213006653813144,-8.861830166749801,-9.475767341971917,-9.866162630780627,-9.977203424255293,-9.883063967666553,-9.535098456787896,-8.712910981911861,-7.885080601027374,-7.17537671658312,-6.5780413662052934,-5.967078837590404,-5.2291002865820495,-4.376563649386225,-3.461335392049052,-2.4063160603112825,-1.1665361478988532,0.21480707043028274,1.6808449053500505,3.018207828048812,4.004907033415377,4.543052256718078,4.770992318641862,4.970020027616455,5.351200293880672,5.843017875821159,6.369797274522909,6.927588961154961,7.48100480028356,8.108106814186195,8.794078733396288,9.38307881289311,9.856606095778707,10.20569883723665,10.454641969248009,10.801676912407489,11.2242775928767,11.512490134927903,11.618309270683346,11.634079103634582
142.2978515625,1.35870361328125,11.645380866331026,11.2731226274447,10.810459415975023,10.420531237215549,10.203404089793134,10.05021972364473,9.897349171136238,9.767419482612251,9.618078929307062,9.428528788956513,9.396115518627942,9.60308936924856,9.89372623703963,9.909640277412972,9.417200341510602,8.786397799847947,8.33758652750168,7.975217208235717,7.594899542955257,7.261135721023956,6.913280503069267,6.532170190764469,6.123116152618428,5.74060733680296,5.4398688166856255,5.209516269773917,4.984444791854642,4.696275823798486,4.325137996429071,3.9484442929874795,3.613399352041237,3.33449942196781,3.067963127829193,2.7775783733515382,2.478390030852524,2.1888345914324105,1.8911998894377282,1.5904845852483236,1.2809400231767818,0.9620437449312279,0.6396675883798381,0.3122698722454388,-0.01375139217731941,-0.347004949452581,-0.6757021676937658,-1.0525003385199947,-1.4728368271514605,-1.929819727427108,-2.4272427747607153,-2.968832138318974,-3.469914103139905,-3.87381519975878,-4.231523915436857,-4.571822264704865,-4.901452492083197,-5.256442361038353,-5.665024996861344,-6.083020502178619,-6.532464088444778,-7.008613804061068,-7.513944859877477,-8.011410346611584,-8.41301053567651,-8.610150777719873,-8.658368888363018,-8.748921629280115,-8.6216358265846,-8.063614406074924,-7.608082251835831,-7.134891058666485,-6.5465900716517105,-5.939363651248649,-5.4272603590911315,-5.022609153164131,-4.7044500530968625,-4.057790072575828,-3.011717611555855,-1.652807069990984,-0.2139320345352005,0.8926372163802843,1.5608300976180096,2.0362993990281586,2.6411546026506807,3.5565018337082672,4.864963144022774,6.235381006792602,7.5446316553894235,8.76583245979311,9.565234726420124,9.942685441030404,10.261584118916458,10.671158794356014,11.047988402597415,11.40723221635386,11.811993148659726,12.1750847221979,12.336728251252323,12.26624133394861,12.052316438908667,11.78514899645392
147.75155639648438,1.3987884521484375,14.645550403808238,14.49672698851951,14.22893683880563,13.906234472227656,13.555402354601455,13.207607370584535,12.946309967273237,12.835265861409303,12.764113966956264,12.600487862312786,12.613932220901576,12.982123819537724,13.32194158489786,13.305510020127498,13.030597223418152,12.573950604805566,12.058753711117996,11.538979306838824,11.104982354984093,10.787003988304477,10.544610050637354,10.28378256361986,9.96892971791282,9.631961500041735,9.250346009075754,8.822677186502322,8.384304957032477,7.9806033232758935,7.614942401867757,7.277096508768067,6.974025604709085,6.6869648181038315,6.400359574005256,6.137746547592741,5.888961896488864,5.646010076190619,5.392191198788188,5.116172676062401,4.820777885155278,4.501119828502455,4.168645525453151,3.8379569510163534,3.5210765704351603,3.2135148991623392,2.8892742705165,2.5230459260009566,2.1220992049352003,1.671548222434022,1.2118682515375747,0.7489267350368901,0.29059710567838093,-0.15116646684334298,-0.5656416122448304,-0.9448563071171453,-1.2928307974754942,-1.6686705482711357,-2.091969952329367,-2.5503279469285816,-3.0251235090199553,-3.5478837097037697,-4.172322032078954,-4.900179717754876,-5.715247165215922,-6.488134824399569,-7.142969854907773,-7.555311114558089,-7.56733528775643,-6.97996452672634,-6.169117261168018,-5.426665124351114,-4.689385444769865,-3.659631987156319,-2.1716999581472916,-0.4070813774895943,0.6724971544688648,1.163242175299473,1.7391413262173174,2.5853235010391677,3.6733020926865216,4.966569892244239,6.232106902209075,7.2255312672403225,7.847546421016406,8.357696212992138,8.95643425384739,9.64660596777031,10.402160951687812,10.790790164988067,10.729153856515225,10.919082358060063,11.52886801203015,12.34378408908626,13.089722526307096,13.615969749442147,13.82578461762141,13.850405024181493,13.74543511184726,13.561376585140852,13.501168950712,13.642734930502264
149.1503448486328,1.408599853515625,13.797909346460196,13.790405375766012,13.487746143747582,13.050391625929139,12.694655155827759,12.424856577062998,12.286926710858921,12.2699953106659,12.052177889654761,11.729846990163601,11.984356752104489,12.314385177881723,12.51516740805836,12.417786029051777,12.075166605276817,11.661576279121139,11.189715774622817,10.734302315647184,10.356581255430855,10.065551954553786,9.823984172775502,9.553635650935528,9.255022118691922,8.900658307292668,8.500691951037934,8.072341439784791,7.629970264542746,7.20206209530996,6.817673363934675,6.455034446705478,6.122488536258597,5.80638350818944,5.490167485091915,5.173096381220073,4.851448016583528,4.531364240531436,4.230054975766507,3.918938154041559,3.579343406339349,3.240190010003616,2.908402395544894,2.565907049663155,2.222845798215922,1.8559797025960418,1.4430786071555306,1.0026353781195176,0.5481621318438276,0.09074251882565793,-0.3600345551842189,-0.8052550189696203,-1.222004239926145,-1.6052201859697477,-1.9430219892150686,-2.2271872565865656,-2.48676477547979,-2.7715513848873212,-3.0991476934977404,-3.4830416123767454,-3.9046209900101463,-4.371835595112884,-4.8393141515295035,-5.271090242996145,-5.628056524320839,-5.928055207686064,-6.199665560442549,-6.440691369418488,-6.449900398375673,-5.985976039074244,-5.331593815918007,-4.712470033732481,-4.189452619782343,-3.648747190789794,-2.6781818133559234,-1.0382505307948686,0.6752277962975852,1.6002728414225105,2.0028718571511526,2.4057217391764594,3.034299197933435,3.9273481205350556,4.896191331983974,5.642810744752817,6.0045268546356025,6.2054820420376124,6.505958364377635,7.0146892558122556,7.8368767589959205,8.778592712076252,9.318821113166383,9.732572176662597,10.37639892978054,11.190357079749143,11.976814795349776,12.540631656284058,12.83912833719981,12.981546481123967,13.04220683245262,13.070253382232401,13.131791187322111,13.150654865663144
150.55894470214844,1.3180999755859375,13.12112328338611,13.049946188361657,12.82269027601147,12.37787439198106,11.970761543042988,11.681652720148362,11.425837777597023,11.499058488704746,11.535843251814303,11.21554054496012,10.958212467191267,11.242523272540527,11.471307933464775,11.43985222938283,11.205327495838365,10.876491122144946,10.526345762018604,10.144507679074318,9.79032420422755,9.533871806901644,9.298013060085378,9.040306319062589,8.764992193431178,8.466557286944319,8.13221735315399,7.765351399936958,7.3584389833185515,6.930233927103925,6.496093307571934,6.073951194255355,5.679217393959641,5.336660144158638,5.022060374322918,4.712110531442936,4.394461031130127,4.077166313957145,3.785953966806568,3.498698984772576,3.192469503939624,2.869343179235114,2.526575191655011,2.178324949223113,1.8152439078182303,1.4405887367609218,1.0417199024881583,0.6190553296200748,0.1761132179727457,-0.283345661436146,-0.7692793049915105,-1.2486173433924384,-1.716557076090154,-2.172353584689562,-2.611814731729555,-3.0046915389973714,-3.3385923308509677,-3.6458460314741292,-3.9714323458471,-4.332244481673197,-4.710529986417433,-5.073817805094368,-5.473522352295523,-5.924656023888182,-6.365769694479789,-6.6218821949117155,-6.63101475267232,-6.481309277818477,-6.412121170545487,-6.239473322723853,-5.559222270031008,-4.786460146477335,-4.136031562831685,-3.7827299006358723,-3.475214268221061,-2.363338774209968,-0.832818663359129,0.4965298906588991,0.9794968515418612,1.2078442370911922,1.6554601427740496,2.497621518675965,3.6772432156131507,4.783410510477214,5.533424416800785,5.869910916331123,6.178747040466038,6.668851517694601,7.286826476561617,7.9693413165589195,8.898704775366642,9.670465863791865,10.131238092411897,10.792375193408912,11.506131625362574,11.963908334386035,12.20613541695707,12.26991654227976,12.362543546928517,12.538154292245066,12.593234839726778,12.537806422112286
151.87704467773438,1.37860107421875,12.435269678546415,12.335509816801565,12.11356712641879,11.699657487092745,11.242480579748086,10.904215749941482,10.643646108814373,10.6353172456832,10.59459944565832,10.370376137626677,10.212647957048196,10.466235028659765,10.80792292544773,10.938551824006513,10.789931441733845,10.449672579164172,10.03990789718817,9.636354255010826,9.243762624944635,8.900525627858823,8.656475432032655,8.445420182584723,8.19363154249803,7.912784892743834,7.603235103021037,7.249028001968807,6.849908853297606,6.426813067546241,5.997768410031105,5.570789304688207,5.159677683310143,4.776478201687888,4.4144983495825505,4.055302786847477,3.6977420682842355,3.365313800370746,3.0385872208796596,2.7343586550252303,2.4397177159877916,2.137526034685618,1.828443065161726,1.5149412239376088,1.1829906651628408,0.8384380656531139,0.47613929354612405,0.09209844576119183,-0.3239341348008218,-0.7729082238572259,-1.2377897015523065,-1.7030975223124636,-2.1736943199101537,-2.6352774565374233,-3.030389571227013,-3.3580827442150802,-3.630968686948535,-3.881448530293534,-4.160134274896672,-4.494306675574171,-4.876377365622419,-5.302096137586384,-5.7591236516214535,-6.223242476843652,-6.628304296865177,-6.943261438447486,-7.221279686756097,-7.441019358559484,-7.538077354729874,-7.424307038789053,-6.926177355285068,-6.216571585490896,-5.625327177568721,-5.2103508362286055,-4.675393899327474,-3.5878050870939604,-2.0467042370279462,-0.6822675693773754,0.003944769955697619,0.4438980523724671,0.9899670167712527,1.7794561482903923,2.8307166682181077,3.9478052047839602,4.828061166664775,5.307494415510636,5.5084385379161,5.75448249853697,6.199164858448049,6.831731872335619,7.631004605062921,8.53697625600419,9.339943269345873,10.176818054268981,11.029274270169637,11.508654784237088,11.673804008092029,11.815416077749624,11.963834003852858,11.943501700558022,11.751765618192112,11.564669079084627
153.25564575195312,1.7881011962890625,11.434511099925281,11.28934205134986,11.141324851871037,10.890993228378083,10.637724954503346,10.35796613680691,9.98592827433075,9.786053948333988,9.740067474452818,9.678975880630933,9.78399290499875,10.08060443077618,10.381698011232562,10.334404993031377,9.87033723893523,9.362528717089582,8.995822388935702,8.745196125401959,8.538099520746092,8.330543170934305,8.046491111309223,7.715019262470157,7.408734743061761,7.133019947279575,6.827706760575118,6.488805341132979,6.115426194441561,5.694716593497593,5.2553040891406395,4.825497912789769,4.42811211174631,4.065685708119909,3.7321772271167863,3.4024172698341086,3.0710928832039297,2.732517626289206,2.401733802553878,2.076240567814055,1.7546698344978862,1.4277156772470811,1.0940600060626209,0.747953148447724,0.39313817564801334,0.03148260150258034,-0.3544888771451691,-0.7738673391984603,-1.2218697424764962,-1.6891570014184505,-2.133734544562737,-2.5501251092599735,-2.9323826549575447,-3.3032675137565954,-3.6529242088981713,-4.001515168341238,-4.384015863489696,-4.782345213693945,-5.194695997724464,-5.63113387527585,-6.0752991465110595,-6.5381376612523345,-6.9981947218786855,-7.3233924274725135,-7.450618517802359,-7.404436233041474,-7.346475009761342,-7.228007475317934,-6.749631793879593,-6.1620552796388175,-5.539748366581226,-4.988543674417634,-4.51670532111866,-3.676853191693661,-2.4916675177119108,-1.5370650120745426,-1.192537380903335,-0.7703493757040019,-0.008936576906338325,0.8873924047954445,1.773372359004882,2.6107381041930986,3.283510327919373,3.946498504641308,4.901815324501032,6.056659057420797,7.362516582200344,8.660487766799601,9.518700106168646,9.842782678257723,10.145034984472955,10.568103939484327,11.15731758368903,11.795832416995786,12.314208020707607,12.616989759614723,12.714703596397072,12.581060924894654,12.369123073728217,12.204723708800032,12.14081208590284,12.183906795874847
158.1896514892578,1.378692626953125,16.548608139319345,16.39050309838163,16.054403892312163,15.719288225299493,15.36450494784555,15.0441491850409,14.85853190293379,14.506399893222815,14.352150835670788,14.184681704491325,13.546032127687807,13.045231696026093,13.121401998397712,13.231900494658557,13.10364407706638,12.789062335273798,12.391201082186566,12.003999004071975,11.636035390596646,11.412134936586487,11.300547101953125,11.172803917704414,10.962807698843562,10.675540563587862,10.31449586455612,9.900503140038882,9.495039945902766,9.11061529103377,8.778344353579342,8.465994075238841,8.168648732424348,7.8953658191089096,7.629984845819508,7.373377482691823,7.121195165637864,6.861835713552643,6.593589046784615,6.325302944696964,6.047815068758654,5.747035513674937,5.4120085533197,5.050445775971558,4.678436832470688,4.313303601385309,3.9179955249822567,3.5042088888008665,3.0761665764024637,2.6413923886376534,2.1868026801953877,1.7057257771673622,1.2202066058926857,0.7522448280079244,0.32092195169695775,-0.06329994178816244,-0.4094990785189244,-0.7140361597188779,-0.9969736516131894,-1.3002338794462331,-1.6652348346138366,-2.0814125185076087,-2.526622196206297,-3.0404549660245017,-3.5737363292398316,-4.0402161423278065,-4.498558791322496,-4.980901444420818,-5.4285867707908535,-5.772401027655549,-6.039045707130311,-5.9171324831091425,-5.40413508852361,-4.740252494096206,-4.122183956128754,-3.3281243007760986,-1.944493837936046,-0.0010227067511469068,1.5832655660048847,2.1587871181581013,2.639552064792565,3.416289011423541,4.624435820268801,6.101922545559014,7.2561198814791,7.762774594836729,8.070718056275876,8.509321355923344,9.082641735570846,9.928587539358807,10.860681663451459,11.411004810745453,11.903433335370156,12.611160423591578,13.460482485212047,14.214219926140123,14.655520819160879,14.880744463436747,14.971747993304554,15.021523847598996,14.992010822654409,14.997085903171639
159.56834411621094,1.358306884765625,14.991559301549843,14.929348263989999,14.732822421851983,14.379698573161845,13.935330709293625,13.590364300466453,13.136614244020233,12.791790247353791,12.726303026701792,12.594436310041855,12.568163770606041,13.005819806762974,13.430149098956962,13.672686323513329,13.488206698148431,13.024193250035895,12.513512548776722,12.041985422845443,11.563418406990777,11.154620276671954,10.82021635293838,10.539949542332687,10.205391925749124,9.850283913658368,9.491780980861531,9.09763768817966,8.656385910623923,8.192444987819048,7.720449424834355,7.269465618314787,6.875599838183672,6.5437533343054115,6.256160673879404,5.9863088337143475,5.69116286424339,5.375428971653458,5.052761030990106,4.744836618866833,4.4350702974081475,4.121946414251407,3.797031230310029,3.457919208692381,3.1136151658450384,2.7464773351739056,2.3623417155966995,1.9630664995626619,1.5507173217336716,1.1348768098758826,0.701402955254166,0.2648506668179776,-0.17513408421251642,-0.6117759785222369,-1.0276633347732518,-1.417948636457155,-1.7663817321071054,-2.079465381848475,-2.416740838178554,-2.7790077574397634,-3.125249738584673,-3.505095592563684,-3.9830923555998266,-4.5911896981902425,-5.2507530704214895,-5.835054309672671,-6.28871025747793,-6.608332721982344,-6.693158847900035,-6.298006007519273,-5.534260521683106,-4.783273400670949,-4.0270394927956685,-3.134050127530353,-2.465696013558048,-2.0144763209572285,-1.4225503195826297,-0.458034287275794,0.9012411430521872,2.242277150992016,3.314812835486224,3.8479516240438967,4.111255733255904,4.53620526338814,5.336202008796063,6.300656361261254,7.537273172382053,8.856952610295224,9.637154441166476,9.863355012356656,10.044549494862657,10.553031836502877,11.455809692715576,12.528306983387349,13.385674859300936,13.836203102183106,14.004148008609137,14.021226559745125,13.98542095927236,13.890064158329253,13.765674754528929,13.713492628736518
160.92665100097656,1.3787994384765625,13.68553953932131,13.619343066251353,13.399121123508438,13.049033035332585,12.67163534376466,12.386582969053785,12.264266049398529,12.369282459672725,12.436956084013266,12.313393653247282,12.220022460976077,12.25362656024925,12.222229107309339,12.001590848524275,11.638030363062953,11.178437280692842,10.693622552906797,10.264157955197263,9.894463259129594,9.540722714708808,9.22981574801856,8.933061736100472,8.622615937990798,8.287459530945068,7.924037832916438,7.551688904206144,7.187708889593454,6.83666513013011,6.494683586113747,6.180021750826037,5.867277722905202,5.5550711187456585,5.247427036144724,4.930751150011743,4.606238399287886,4.2872666032810365,3.9766976202794457,3.66662792142879,3.3424546472455434,3.0079991970180537,2.648977746950803,2.286107518678675,1.9174517891631484,1.5586648467760762,1.1975222243919619,0.8039938554937613,0.3951594955674025,-0.03594381190145018,-0.47950796079076424,-0.9195925394029437,-1.3434747833582272,-1.7247943995121966,-2.065548640777287,-2.3324081878536775,-2.566573812011708,-2.8006292458884383,-3.108002122610452,-3.454020498836768,-3.822588642750276,-4.195097022575909,-4.604033863452403,-5.056176466343685,-5.52419817538741,-5.95500983491545,-6.286430016405623,-6.477475914947008,-6.522836714829188,-6.347732180448651,-5.86114730934238,-5.223887978924164,-4.725168839313137,-4.400992899199192,-3.894473712436992,-2.677102530001643,-1.1702234443826944,-0.01800342035012953,0.5579781470928016,1.0478681091023287,1.7490193805447474,2.6549537638504086,3.741343664637751,4.7518117848817925,5.496162612250295,5.987717704511334,6.503273240727978,7.24497472722801,8.232972175807209,9.143497252459518,9.596193845038213,9.638414787546534,9.879047740989884,10.474990031427707,11.19521766044887,11.837903148351792,12.291064673562273,12.608399163115278,12.862233609308298,13.00341200934508,12.994929293169267,12.885603883316017
162.30545043945312,1.3484039306640625,12.79881791795309,12.681131646748806,12.472135118775276,12.11991110981677,11.694967146930674,11.251174934777751,10.9929742257361,11.148904642464833,11.51722127278944,11.803129896331829,12.088280150987163,12.300132147520216,12.42178723844074,12.226465193046925,11.637823860409457,11.005657419146688,10.440560932839704,10.001410726113573,9.646195092308202,9.368745631322303,9.071227474444074,8.711165761854842,8.329984096786394,7.960687993219433,7.591535394924508,7.207335131998999,6.787886517702665,6.35038557376003,5.9181672194110995,5.522072759374825,5.169655019073321,4.854337498596511,4.558625317977156,4.268320155776586,3.994977629585381,3.7401231613376784,3.4986613750110696,3.253732922312251,2.980347061115902,2.666260061444202,2.33960456217075,2.0154146309806062,1.6920294508192937,1.350446698724692,0.9789987916340476,0.558632556127007,0.11667893491306597,-0.32924440810641736,-0.7599805125579046,-1.1407067551454189,-1.4596080537511145,-1.732640186833422,-1.9557887353962655,-2.150431719394385,-2.3427942839986415,-2.57337516137827,-2.855182326366875,-3.180138477144171,-3.5663625571710553,-4.023158506594289,-4.5649537279484775,-5.190344343522552,-5.861344126458496,-6.562718886902202,-7.12428090963131,-7.485583216845364,-7.237870051407708,-6.387003368191181,-5.517005430486591,-4.983821198512772,-4.606359051068593,-3.77957965853519,-2.264072816661673,-0.39964210312368004,1.2387274019694696,1.9511262300912828,2.095428005828798,2.276782858742709,2.8296404780838365,3.9176805081596404,5.346364720193887,6.844851210558865,8.041411682002893,8.85377330682829,9.474533073420883,10.02716034617796,10.507326916748122,10.870375344784415,11.186479556110516,11.5725839295232,11.97871790150228,12.288655594636287,12.393963983327886,12.43729397941716,12.420481491902255,12.343687509989351,12.250096835318265,12.214831688835279,12.26404250408063,12.355003007465493
163.6538543701172,1.3881988525390625,12.359622920165817,12.276855975816954,12.109703324943839,11.887452863945198,11.628118248779192,11.243333490747522,10.861624360904448,10.723157798459033,10.687134224684065,10.629789339519746,10.764644362899462,11.062455275469484,11.312129395761898,11.339010025720004,11.135946538224218,10.745311948101865,10.268731890796529,9.761263733781684,9.348235837688877,8.993182199961963,8.718012307807236,8.499085962416494,8.260982483505492,7.961650188801426,7.5978832091672635,7.190205723304113,6.744550406630617,6.27950576834016,5.812398814824744,5.361593662802328,4.934504107690561,4.530026221179389,4.161324075134192,3.822713305434998,3.503915425170538,3.1934408636878326,2.9003451492902323,2.6025222009139046,2.2959620952717543,1.9872631016832534,1.6771775360162173,1.3742937814268794,1.0679779975751993,0.7422907118526485,0.39907332457903716,0.0238648926864492,-0.3799072651233529,-0.8090313478932318,-1.246317370319706,-1.6792935053149107,-2.0959737476373923,-2.4862625697838734,-2.843606850787674,-3.163145615187845,-3.4589257161098788,-3.7662254394976116,-4.094556656099379,-4.421834017962618,-4.78598339842098,-5.230690857916085,-5.766133487768291,-6.349304082857398,-6.91091844614885,-7.38098618392584,-7.728200578576971,-7.938392991834775,-7.748141056587815,-7.06785805832252,-6.279393571443622,-5.669495255922671,-5.063856814765149,-4.155548926234901,-2.866220804446367,-1.6416498010181282,-1.0033320038733875,-0.5729246570091309,0.17674060889786747,1.2645877131933274,2.5778389065881986,3.7915955270964945,4.508613105778234,4.883585402661545,5.302757782286939,6.008712377335333,6.87384167044793,7.807679032427228,8.787801610871446,9.494184429218436,9.735353520303459,9.991622489888222,10.541433605204245,11.332520099479643,12.113693650149708,12.70064542873214,12.953502098479268,12.966589285054235,12.856777674310724,12.66330074494715,12.517520597497606,12.555316287820363
165.04205322265625,1.638092041015625,12.692363423771296,12.745690148329007,12.536808973048652,12.12653135265566,11.668525487922407,11.370748028945034,11.008288732095803,10.778846232801223,10.82191819212688,10.53834488735225,10.211474254961386,10.559203890152679,10.93156692092439,11.121355254974961,10.969811077321825,10.62545305778856,10.214028522918024,9.701077799036998,9.183068887184133,8.789489683855596,8.489766900135882,8.241364067483659,8.004219813823475,7.72372470389875,7.3699340957651795,6.973739888661444,6.545799435555533,6.089352901898989,5.650492191751107,5.263171180001345,4.893456502449156,4.5371860700731235,4.185002944867169,3.8424457112856616,3.5188935923906284,3.2031243327978203,2.8885844716845153,2.567644071912461,2.2394320802707015,1.9052453204278141,1.5507095225685756,1.1806692206042042,0.8053686016381594,0.4239609984244697,0.022601734741347676,-0.40199291883003874,-0.8325757807811724,-1.2747896330146054,-1.714825921201961,-2.1750128473019155,-2.645674474631608,-3.10598944682866,-3.5348602242499125,-3.9238256391099844,-4.302899580128064,-4.682001780064809,-5.0637524166986,-5.475760984300273,-5.979851835545013,-6.619713463277476,-7.354242644925709,-8.1503778167413,-8.751844900027695,-9.048021521971851,-8.968723359207008,-8.236863170139358,-7.219342252717249,-6.2652290041387895,-5.379831568801258,-4.420499894459018,-3.7124659318280657,-3.3321633466858125,-2.869467558827871,-1.972436157056672,-0.6979862379857737,0.6524530626341688,1.758564860285253,2.3168421240617527,2.7942404483632206,3.6836496623482953,5.082633839181258,6.726031326180944,8.224273145714204,8.989206533439846,9.122635985215254,9.067575206302605,9.217975726197192,9.771979918758218,10.532593823720736,11.334726787389629,12.09818016274738,12.821489078854722,13.45952003553341,13.972254099970833,14.3338083804771,14.517412493212332,14.553300018289764,14.441834425076205,14.283689649957797,14.181152723447322
169.5769500732422,1.388397216796875,15.325588627869022,15.32214093035658,15.28467533907926,15.090400229555408,14.797903932433593,14.565931349977127,14.294524922282385,14.044364472474255,13.893664730686634,14.072710072257664,14.4963017315102,14.7927488288486,14.584230687828745,14.15609806914951,13.660160248615588,13.13025391518505,12.634950909414107,12.248778039963938,11.886767748104514,11.566106518013624,11.22805410555654,10.882520430847936,10.541186465182257,10.185238377938628,9.817733962665102,9.43143961402174,9.01828264772269,8.607851756312185,8.223485121252557,7.868907626457851,7.531814013501579,7.222436779245131,6.932588954547498,6.650306328884886,6.367088889320715,6.076211084566392,5.767973656250643,5.457842739913873,5.1464244675752,4.837717903014244,4.5392930419366815,4.248748290542065,3.957460907258533,3.6481418602932876,3.2904465488400696,2.8907079685855637,2.4365938308726127,1.9436331386430417,1.4100014889762864,0.8610404396292785,0.3117349207929981,-0.24076159826790536,-0.7722601844451821,-1.2753262476382732,-1.8106218002651262,-2.3679730860240906,-2.905062786530995,-3.4737692678382426,-4.050088118818525,-4.594465971537392,-5.102463776103327,-5.61445097029772,-6.140973965358357,-6.6431103796220095,-6.990972817529069,-7.031222898356184,-6.708664233932276,-5.992162654334404,-5.0837223525939095,-4.238491005949003,-3.4492485474041272,-2.5153229678586286,-1.4639730982547032,-0.4946319186335647,0.19946283644063267,0.9224143305098508,1.962142854338455,3.169497266689036,4.408879745570026,5.43773675199506,6.208554573744806,6.9133122597730665,7.664837864454424,8.44714571502897,9.200749056062323,9.962997657125985,10.736145288361742,11.267893381679487,11.508358424891396,11.775227110622392,12.365362290118131,13.210324104214285,14.046303777614245,14.717267465047666,15.147676665398151,15.411278818649052,15.614846621171623,15.697660481792584,15.68631966735796,15.63554099476007
170.96534729003906,1.378509521484375,15.588772529112052,15.491866268581724,15.262343321786364,14.91007190353822,14.500319080828538,14.12269808012864,13.67379147006056,13.235748222913427,13.042077661738304,12.901415115605523,12.572927954648474,12.569731504856628,13.064643996247646,13.650452610961837,13.850126403670462,13.602015618478479,12.94544593588702,12.284441901410913,11.803391915709216,11.41043400277012,11.096727215254642,10.85826132251331,10.618682873780147,10.367686061287351,10.064756339717706,9.690369236024097,9.220611923213147,8.708757317093097,8.200091370939965,7.7152741923903925,7.272335902822067,6.88666555754105,6.551345205903418,6.225803407695025,5.90381961772895,5.584062405204186,5.270218668266027,4.967280210688602,4.665324415040862,4.3625872430974475,4.045512210702782,3.698912204696685,3.335281357061742,2.9704409271778296,2.592666882684106,2.212307520226984,1.8180981086144359,1.3963164189485833,0.9581017811487882,0.4991741001479819,0.04032899905756143,-0.4290485259392967,-0.8976808799269254,-1.350957165951601,-1.7911661032090809,-2.2075548905125215,-2.6034023294404363,-2.9902026545502345,-3.415923789053357,-3.884909210394792,-4.356439639301544,-4.844968192025009,-5.383952301819737,-5.9084261852487705,-6.406830134431048,-6.812647491023749,-7.016639947203458,-6.90476858363626,-6.5959240871617775,-5.988194268904373,-5.16444033367964,-4.458731001626459,-3.880756084041824,-3.2390222040517873,-2.495492771412103,-1.7170945608534396,-1.2393695510441678,-0.8817767750972363,-0.13123769862137058,1.0367754547726349,2.369780113259067,3.5528130193432053,4.144815980318735,4.367863020202921,4.713984567084952,5.555709677232163,6.7953074699246505,8.221115726686083,9.527692975415379,10.61822978253876,11.33717566555268,11.785157543976132,12.115253225880227,12.442825642263754,12.731743190067409,13.034725332407602,13.441240824053253,13.958583367373837,14.358189153387384,14.485056198423555
172.34385681152344,1.347900390625,14.352207120663282,13.963864760641323,13.415611805663833,12.99592052454158,12.847538600512662,12.683327452789902,12.396493005714065,12.149102552483816,11.928356196981929,11.685347302894021,11.75821302916743,12.162209137247913,12.572352587108464,12.724290965753667,12.511703346398727,12.163734185350675,11.743881880818163,11.1887694694662,10.607172197661944,10.094976195150139,9.676104865457383,9.32856235955882,8.993036119831086,8.651094257418782,8.30173599512731,7.917275620461988,7.4912905098614395,7.0179915239384645,6.540596084013257,6.0753606202805095,5.639581205754122,5.242639045352771,4.869323985412651,4.501410305574205,4.138618369938908,3.7807816885785854,3.4384568295572615,3.106298263911518,2.7775781152491437,2.442808245274183,2.085092875975279,1.7161423876497128,1.3259774854086586,0.9163036849297056,0.48092034260766314,0.02389112505933212,-0.4706001659139002,-0.9914118460717448,-1.545661763983573,-2.1047212728039915,-2.63327766360103,-3.1282187733631375,-3.593358408553799,-4.041966996341823,-4.46695156699201,-4.859171464041423,-5.276217877444145,-5.739203938467196,-6.213762653573025,-6.673977602453329,-7.149926300620538,-7.627000698188028,-8.059808542663468,-8.407712767121714,-8.58361825876984,-8.557617081087022,-8.352159735236407,-7.953946278519495,-7.202222902700232,-6.35358929364178,-5.68895634946428,-5.18794829567894,-4.68695341866945,-4.145214153287842,-3.6755174755221747,-2.984452848826657,-1.8977190553579932,-0.5744972025695722,0.8882455019162641,2.1718213804268744,2.9687106644764203,3.385308075744042,3.84400595055377,4.548196632584709,5.48022029912677,6.485808781240797,7.444213477728184,8.380275659474714,9.20601677503222,9.690154464178741,10.036614869097184,10.60495590998516,11.508393907343073,12.4561998675492,13.170677047242917,13.660791809866843,13.971548887111206,13.989030932876295,13.714657538713917,13.335881943550561
173.69175720214844,1.3188934326171875,13.15350507160982,13.030519069763795,12.911402999848546,12.647597247461826,12.266296891512383,11.77171656038395,11.286813977784858,11.314786891502512,11.70763141275592,12.231333085619925,12.670300381076457,12.954679593006286,12.964099131805543,12.777756025830818,12.37554694452082,11.845614788381615,11.24858441674007,10.626949437757297,10.035348987589536,9.582799929866297,9.195703512013102,8.850895643157827,8.527463461624091,8.196195014647785,7.826967033148037,7.400510433887822,6.916668267866175,6.402913289457397,5.879975297613768,5.360703096533565,4.863492008621365,4.382812218311679,3.9331856985053744,3.503400074064153,3.0807271684004185,2.653911850567652,2.2361547043701098,1.8170841206544703,1.4070351580173943,1.0144196764689273,0.6171286516087322,0.2300349509571732,-0.17808936895990235,-0.610011209516041,-1.0421329861947008,-1.4884949618457228,-1.9505725969533863,-2.427872219545138,-2.9023596863529484,-3.340045399710015,-3.742183273545984,-4.108866035487653,-4.442671201033398,-4.736293197591399,-4.988150234948033,-5.248276067234072,-5.554287814849222,-5.902987749918372,-6.258562454578073,-6.621489840854727,-7.010084767690447,-7.3730277210987865,-7.596051004435196,-7.638777872243786,-7.499765370956837,-7.208354753312341,-6.764503882607446,-6.180824487231876,-5.508964292738169,-4.864768608583311,-4.3648778262988746,-4.021995053152498,-3.548033122104741,-2.595436380295148,-1.4595361245801892,-0.6449913779620811,-0.10924224812763411,0.5272054245810601,1.4708514198201668,2.712984396502719,3.966251288562886,4.949078191992769,5.538739467828013,5.834909617298974,6.0562537620687396,6.407237061303575,6.956811495520124,7.541618797366357,8.147389688154652,8.834578464929077,9.432387527868963,10.167169494407759,10.97825835445968,11.551177077288624,11.94454260459816,12.31101763674845,12.658396085524993,12.93666718266112,13.088716649559709,13.095784555086887
175.01065063476562,1.368194580078125,12.957675735149262,12.68518418229444,12.488781045756786,12.216829514391454,11.804876468253362,11.423533698949761,11.038534388904868,10.845885058404,10.878650952344302,10.858559961801976,10.646570170634833,10.596227773239745,10.933904377143474,11.302581020426533,11.394880025861319,11.147300592576675,10.662003841747849,10.180992047213337,9.746524746134522,9.384768570964868,9.097469034630208,8.877786661253147,8.627477425000315,8.31678529799923,7.984170972537042,7.585651994701783,7.132038999183804,6.636695464534335,6.128468157096962,5.625286535613271,5.140396932720821,4.701716721504967,4.294649121208969,3.8910318281234777,3.4849242746724243,3.0789280758978474,2.6934634013578025,2.3403426056480607,2.0003428482088954,1.6542616983285796,1.2829008636570356,0.9048578258316268,0.5122255030149465,0.12221512719309574,-0.25687504144958273,-0.6475612398737942,-1.073072241039522,-1.5401523457887665,-2.0256826494833446,-2.541664570278719,-3.054562285610833,-3.567204922026513,-4.05898880742782,-4.51629420901015,-4.931027375796062,-5.335651160485671,-5.754159559991949,-6.2021616427793544,-6.674072536899815,-7.189345703574234,-7.711924595334644,-8.174258692880318,-8.53997676794233,-8.791617572734099,-8.865924922082547,-8.692199050397301,-8.298436284836717,-7.723208654101115,-6.738617296359891,-5.731001823870837,-5.039146822665514,-4.566113266966151,-4.116599462621187,-3.4274230423811622,-2.774029202918101,-2.376884643616893,-1.7704832883066959,-0.7860665302597688,0.5509867633440868,2.0096117348714317,3.3792518157593276,4.214820949391985,4.580059124820236,4.8835676009263445,5.3591051196195085,6.119253329852063,7.0391549635514385,7.917612446010116,8.652588561077128,9.338840654073168,9.994193595024672,10.535314104660332,11.072069290665514,11.526097593286972,11.752919009326023,12.040831272767605,12.373096130409836,12.712984830289347,12.883997877607161,12.894414842218078
176.37884521484375,1.917999267578125,12.808223808810311,12.622881149060618,12.2605006264893,11.918219899689229,11.731620801108082,11.582122905242546,11.232439601263927,11.013722372599805,10.997994184499087,11.33806804196891,11.963179666911653,12.651661359696652,12.915948512020357,12.832391153930692,12.277297850291392,11.62339165584301,10.847647906919175,10.010296048973338,9.385452736415589,8.908845591093709,8.499980844461161,8.111382206474929,7.72205808720461,7.313427484217742,6.873492692318007,6.401876022654871,5.923813429154835,5.445300786056497,4.9543781230592625,4.48000174807099,4.040190773888981,3.6381731605459886,3.263809377001592,2.9169655759501385,2.5822108718327565,2.237334153185091,1.8770920937585196,1.5207852906496457,1.1690953393290575,0.8082983161230197,0.45123290375818104,0.07024323203207569,-0.3191217718819056,-0.715367620503219,-1.1350844291301205,-1.5879556010946843,-2.0722817870777357,-2.5676619323581664,-3.0578763922674796,-3.5239434758823136,-3.938489201899082,-4.3175841601862865,-4.663783464547998,-4.976132444219504,-5.293772457560498,-5.674972428134812,-6.12614529156959,-6.566726153869569,-6.990282324555262,-7.45438714353273,-7.962768889400707,-8.458307535106421,-8.815126206899013,-8.981956418419665,-9.016558920368302,-8.974817876667835,-8.70881677869523,-8.069974377790697,-7.331074726326949,-6.762162229116035,-6.266198391656534,-5.824216934386044,-5.558165291248505,-5.0660733458067115,-4.105283939492993,-2.780210498002008,-1.1731234177972392,0.44232858384492707,1.709611166198737,2.4780778250058777,3.0336636545976714,3.780808115071075,4.864871567304583,6.15829716631793,7.394885767650341,8.47265320507672,9.418889423187505,10.156601776561946,10.591710597715899,10.899307646228378,11.349966009944934,11.936616141193893,12.62252614473866,13.260094651908906,13.67293359461185,13.818317588547252,13.797130459203874,13.665551070385611,13.57148672757334,13.487956522386472
181.1437530517578,1.328399658203125,15.62272892464276,15.487425922821922,15.283484305880817,14.947565672850684,14.606836274044051,14.314850913770966,14.06480118182491,13.998363512105406,14.217485976204582,14.63834790962048,15.133350576410177,15.467286582228274,15.408735521134677,15.061179049895914,14.586153373311612,14.068508850922452,13.570798752296371,13.130411336206361,12.773227839103992,12.453063695193636,12.1077823780061,11.741328300007572,11.338595114009635,10.914918046252502,10.474925132244248,10.012397889445747,9.54861741248802,9.083391547472608,8.598339206496828,8.119207901536539,7.658527737119672,7.230438252733221,6.843101963623754,6.492383177071921,6.177530723554537,5.888181685866491,5.598099366143703,5.2945823203223075,4.9865810814561025,4.667927722950841,4.33513290689682,3.9949775780993018,3.63827887236696,3.2621550251534153,2.853723149191564,2.4070547557381823,1.9163619474682474,1.386141525943537,0.8194506380247822,0.24873592447528264,-0.31591320964900116,-0.8626461243053049,-1.3646131135970632,-1.7805215398478633,-2.180359533305941,-2.6569944908823047,-3.15613182439328,-3.6195207193098873,-4.102808721636337,-4.674999294775017,-5.229196883205713,-5.682555288018679,-6.045857817052205,-6.239027003228854,-6.192558301443146,-5.990567377657309,-5.748840398359517,-5.295573447275756,-4.624907395529025,-3.8811041836865345,-3.3333031463478595,-3.0503966762281687,-2.699225686931509,-2.0456231049407076,-1.2491709755587843,-0.526216901361395,0.19564970854171831,1.1844664843423391,2.4221377986651547,3.8077909631086215,4.968805060302037,5.649924800163843,6.035188565225568,6.514558140861338,7.22824308083053,8.124542004398224,9.088586554209371,10.037262561313128,10.910826699142456,11.674904472024382,12.258271584518774,12.852285535160819,13.534423018962011,14.02422484545791,14.328058575841236,14.606093914747362,14.917873255775143,15.285815874470092,15.512363302566955,15.509923681884516
182.47215270996094,1.358489990234375,15.423323949388427,15.227200357322749,14.883686074195337,14.509557887074779,14.195927917745534,13.745386224690355,13.252412734303116,13.030450687973113,12.860479785947557,12.627653271590175,12.956328894660324,13.360332514192393,13.77854681055372,13.874529508320313,13.547981329473577,13.032108279667312,12.52280887890314,12.066170438870174,11.615422658802387,11.222066053564687,10.92903134732798,10.603066814161775,10.229184735451165,9.87328658132072,9.529331543968285,9.173540718485244,8.77921366313415,8.337527487764733,7.856033609140372,7.364137708010295,6.897653402737463,6.476025983784931,6.102122994976003,5.73228552750002,5.3747853334122455,5.003296256317012,4.634549719137986,4.285005462867249,3.945937226584371,3.605300109047902,3.253817427419071,2.878128164071722,2.496709330323717,2.0988013860346495,1.6865138472003105,1.2482641476143477,0.7979635959609912,0.3328284254189361,-0.16247517751240828,-0.6920551655187166,-1.2572106068262234,-1.8145832480904591,-2.335459030241924,-2.806550382900967,-3.209231674218249,-3.5388763522831344,-3.80311921600284,-4.09516107328115,-4.466364559110209,-4.9156768108524185,-5.426522594311718,-5.9366172349092095,-6.42328646595894,-6.791164095229482,-6.893466966227467,-6.770841501810368,-6.488047215400302,-6.042135461178684,-5.327659767699195,-4.526201694357473,-3.874129630824691,-3.330755682714726,-2.9580256422110076,-2.3366763068033594,-1.1195479821918202,0.15114004540071427,0.9740594788778303,1.5239103520942276,2.045910536776097,2.8204229084136117,3.8895161595876044,5.075572269698909,6.118061245195503,6.938498110892586,7.480359384753744,7.9037836589736115,8.426154022173748,9.06961892898593,9.68248868006829,10.300634975550313,11.062997994472912,11.842528351507719,12.62301845524279,13.34550974508894,13.763299221105973,14.04423566739068,14.318508169086645,14.573167265780453,14.798472948845957,14.871803904488834
183.8306427001953,1.3285064697265625,14.80710141303035,14.59486013906769,14.296053660580789,13.900224993755259,13.559533829330338,13.216127402157362,12.75564272771334,12.368400270083804,12.14168925815614,11.951250261017915,11.968240037892912,12.38666433225935,12.792014510810692,12.995412096326497,12.78995332715355,12.242788411980628,11.67738846426439,11.19500955930954,10.746075188891203,10.363218451615124,10.031531687429526,9.637843845500242,9.221793340445481,8.881466193866395,8.590940962319092,8.258127010891766,7.844595680337784,7.369111114069608,6.853699968090718,6.360836937455124,5.912907961258242,5.51676921902341,5.132134132720373,4.74803316016835,4.340569349525352,3.9350921605263496,3.556882804190358,3.1832945675699484,2.8263793962315757,2.4577529628710777,2.0800402310402135,1.7006060897595345,1.318007391736147,0.9278460506472879,0.5411679200158099,0.1376581801896879,-0.2886456023429337,-0.748832581449962,-1.2482052793723468,-1.779395533825904,-2.332882168080223,-2.8591978897114503,-3.33510830324418,-3.766472394397796,-4.169236276214694,-4.536587148498343,-4.898827419078928,-5.317727729206444,-5.803646272187084,-6.303807450869654,-6.754562836982898,-7.181589242761201,-7.596197022713245,-7.93932746662273,-8.069452140464458,-7.8944723098384255,-7.473066866438161,-6.897910479329862,-6.192215211902465,-5.50270559846832,-4.929771297926992,-4.441268715174375,-4.069377579222129,-3.4049478554464447,-2.3397181004634637,-1.4765322072816585,-1.0019587389762763,-0.5593335530918813,0.3029077532023144,1.5081138127482387,2.845986224038689,4.158293053474064,5.036905070121933,5.4495992992512186,5.775878242452939,6.25213707368295,6.927530664419699,7.7251476761728055,8.549695622346556,9.359484426104933,10.175059937868742,11.030545373843948,11.820186204819697,12.442975138890453,12.811956310855381,13.10843622043635,13.4376250619686,13.717483809832482,13.945669328235248,14.01434896282349
185.15914916992188,1.3383026123046875,13.967160957790126,13.716781614536808,13.390352313325065,12.983778493211563,12.63564205347538,12.408850456931567,12.11556198973362,11.948566754454312,12.058648205002434,12.434394552735709,12.93252675738728,13.385735269287938,13.648184375813626,13.508720745624148,13.03342486798763,12.404591095381937,11.807273236616759,11.20830298551812,10.63120472566074,10.168910828186222,9.718904661709107,9.218288389511194,8.729516571274793,8.287076175325835,7.882228133866505,7.495781161025793,7.100436103918577,6.661973823228635,6.184416820241022,5.699754848533891,5.214001393724554,4.745239705620275,4.308892293443451,3.9195833951234027,3.5609527420134426,3.211527845694772,2.8516415559640382,2.472995536642261,2.0966268977566678,1.73487749267226,1.3794573999343123,1.0145790089083064,0.6347139601514666,0.22337240464368857,-0.21451292034986597,-0.6805167833084325,-1.1848773733166607,-1.7287303348717136,-2.313254172100743,-2.9134398466959963,-3.4874688871501265,-4.001667927334354,-4.45956278975305,-4.889024282914103,-5.303054660073065,-5.722446479481575,-6.183213490196063,-6.66861071476915,-7.170488303032705,-7.695375414018864,-8.260190957784166,-8.820568667914138,-9.332205523405918,-9.74149339831732,-9.999794290498123,-10.15307819638003,-10.183974452632235,-9.790791187717222,-8.943272231437806,-8.068952410853619,-7.440785725137871,-6.793954285643713,-6.0293345820700495,-5.3059123743285275,-4.613880845351967,-3.62779604266704,-2.195576098922893,-0.562303181569621,1.1676592198939835,2.576670356103466,3.510694013109344,4.0637859022525955,4.614817105246067,5.381415097819406,6.335429362508291,7.335225856306885,8.304985035451068,9.21062167109212,9.694716280662652,9.87487185846822,10.202898536263094,10.91096463927804,11.66625241402775,12.244879838312201,12.583123183435607,12.860774487675354,13.057220909672278,13.08059723911412,13.009156802358996,12.86314673983629
186.49745178222656,1.348602294921875,12.779859383063636,12.726825845770538,12.586697028472532,12.25904435332879,11.871568700766305,11.524495042231615,11.217715396451238,11.08853762461778,10.972458675231676,10.740066793708182,10.552722800991626,10.706727530283594,11.050051673751787,11.175224529679321,10.911079042497647,10.379368479970909,9.869792909407945,9.489038485978506,9.296399747750806,9.201048949073671,9.084467388556334,8.876964660834457,8.64841860359823,8.415535198861864,8.16461607482051,7.865816726877808,7.506258532017899,7.065656068061096,6.583325163858433,6.09601728738848,5.622682482230681,5.184235622469083,4.771610951758134,4.395904475442328,4.033755999045192,3.671901483736523,3.309707803438312,2.951385646717016,2.5896712235524624,2.2137130716836615,1.8220977414784572,1.42450992210231,1.0314815592446782,0.6288809240032491,0.21075061469149636,-0.22114163196729514,-0.6788391211475372,-1.1718370782248253,-1.6997505013014742,-2.2598707455502205,-2.8095594659114584,-3.3098641285721913,-3.7501478175928957,-4.105789041183237,-4.400573853870538,-4.679073156738764,-5.023530944939569,-5.424344155422645,-5.86260998411747,-6.310443432310974,-6.768521976055223,-7.255174770771191,-7.7289644201102945,-8.12941850822262,-8.373327322210807,-8.317195542240425,-8.124992532886624,-7.746894809059829,-7.036718038606122,-6.31468457372038,-5.735294148747729,-5.227932357710625,-4.626702986833084,-3.9873399209400953,-3.419918890000776,-2.6095096532521107,-1.447210777958852,-0.04359883908389334,1.484539724896619,2.8587433835341165,3.6700121727653983,4.021021418477699,4.200665054428246,4.591376643419608,5.328231833165994,6.324529210123588,7.357111705174099,8.445561101948034,9.535425257417746,10.256803664867547,10.645895448822053,11.12620593305927,11.752114391131563,12.263271801226155,12.546459183490622,12.713673398583706,12.872250748498189,12.941155847733436,12.914802914511666,12.858256816657617
187.84605407714844,1.347991943359375,12.77591792374667,12.614789588088595,12.351245021985404,11.981563355157702,11.699982834755643,11.570455794381319,11.307267482474144,11.03484299560522,10.799473745859299,10.686611527612952,11.008330956261068,11.573907948471431,12.124512535807368,12.343471308250216,12.258224454567484,11.929566115524093,11.40215949641703,10.686007267266808,9.98052984564769,9.345830017596839,8.905069741461972,8.596891261414079,8.362294710517245,8.12414544140527,7.844498666465489,7.519206428752492,7.128402385304073,6.671229767976293,6.198908634414421,5.724263260191743,5.242816742960531,4.755142683089156,4.258564935896909,3.7734250883727993,3.3239116489030485,2.9198556771564195,2.550496229404459,2.180690371551167,1.8089019259741648,1.451114173421583,1.1051204253458369,0.7631891918755028,0.42945929433018193,0.10124725786526267,-0.23993851528261756,-0.6050584648392875,-1.0268391447147347,-1.49242295961723,-1.9994623589518286,-2.5448898077903874,-3.09693335478442,-3.6370764182436077,-4.127074183197467,-4.57106802988847,-4.9663049586603245,-5.358632604996655,-5.804637168393382,-6.313951688549413,-6.866039281430543,-7.422553400904083,-7.938477825627115,-8.378625432253271,-8.753440966480099,-9.08377206137681,-9.203990931408077,-9.128718146075101,-8.921604059058648,-8.617805383692042,-7.93589540759586,-7.2094425998136344,-6.746290244811942,-6.331349180891528,-5.787715852681,-5.144233822227204,-4.552177538388914,-3.9221561523793396,-3.009580798140837,-1.730439852989325,-0.26389269814686667,1.2778340720326153,2.521020976293383,3.2809264720618883,3.7440689579940845,4.256164269903887,5.02872343426224,5.978350713063046,6.9563658608436825,8.004985200166283,8.933254334487408,9.458823113417472,9.864077931100827,10.43672462353008,11.080448664648221,11.519225761548542,11.77367226432634,12.023318365742195,12.249657646635965,12.32179048644764,12.322009576669451,12.348181988724344
193.5188446044922,1.3491058349609375,15.829128068799731,15.682099014337894,15.513218302874884,15.256658004929793,14.882246788137573,14.465695402650875,14.054276835221724,13.816378993023429,13.62558159789521,13.35422941364489,13.242148212753715,13.551962451030995,13.911538759543449,14.042201663449877,13.802950339278146,13.414154934573572,13.032507087182736,12.695142345411456,12.408293650803,12.19662505427427,12.02676686611442,11.81666383304642,11.58231242778196,11.337702302054964,11.034403312260553,10.653280178494699,10.20226699835571,9.70967294237704,9.215204325607528,8.746902255244898,8.31839525140433,7.914329336241596,7.526389263330401,7.155053953769607,6.779272565521594,6.398946915388482,6.018420698769505,5.646115206514134,5.267219201079673,4.892334893398975,4.507496187298064,4.119044010018955,3.7272961032050747,3.3265232759813492,2.9346789313023334,2.5413745405020682,2.130661513732884,1.6885561605467412,1.2212050911301189,0.7306051943010319,0.24221112042667417,-0.2403690377213165,-0.7002885273459152,-1.104746154483135,-1.4639023667998505,-1.778179928450216,-2.0956380991080517,-2.4642083421771055,-2.8615041688504763,-3.2711156500940892,-3.6628426029767382,-4.035311404326145,-4.326852013883681,-4.452843759100016,-4.330911713254806,-4.102081689905102,-3.848782000966532,-3.335181221889754,-2.6394298547940243,-1.9421725589863956,-1.2832276176027877,-0.6802188386390324,0.2217645583165856,1.4807533003529754,2.5700372539424627,3.2551077253622527,3.8397342847215765,4.687878222209704,5.761728955731029,6.957338375723674,7.963722967339701,8.535069251467771,8.795461160049475,9.06590003148612,9.554399947078856,10.176518975637077,10.827539253852963,11.531337249751452,12.226831547102417,12.748430792339736,13.20141230890611,13.881306285149023,14.611053500088135,15.125403057007418,15.436318742872626,15.578834991643681,15.675357332914041,15.831796171916993,15.956041585058335,15.967083239930744
194.86795043945312,1.30810546875,15.858475500796356,15.687573164736191,15.425125771237342,15.078020418038285,14.737611953094165,14.29937777831769,13.923402740052625,13.837907876287318,13.727655210097765,13.397695504911646,13.07851434148142,13.215237139947012,13.562008953562671,13.78922993739066,13.64053427698799,13.244029010192744,12.83674858893195,12.472036744198135,12.147684448715815,11.857776562149267,11.635418442448168,11.39577443424043,11.068320497253971,10.749870195441408,10.447373151601374,10.096124525825351,9.638023297454463,9.112735553863226,8.55200905118877,8.009081162828277,7.535342528010654,7.110122154206288,6.724776542714473,6.362361684455667,6.019987684876581,5.669094189834259,5.283766651562326,4.883416831436119,4.481003569880373,4.088353334846642,3.687054251902109,3.2806920871422425,2.855809014378677,2.409351738923677,1.9499024169816717,1.4722512409984319,0.9826015888867089,0.4794595945390193,-0.05210659200159945,-0.6155887896382042,-1.2060142722798943,-1.7945683890846766,-2.3605240773129874,-2.851967561972798,-3.275977968936049,-3.62166849358767,-3.9255353700319024,-4.280518548494488,-4.679311197832886,-5.103836700751608,-5.553461455087884,-6.044458376055231,-6.533209184254167,-6.939082158452221,-7.205032334390081,-7.214397908406272,-7.010892523869854,-6.670609940068632,-6.1061220280060295,-5.379495870524765,-4.735975471054311,-4.23706000028912,-3.8385396944838654,-3.1611932873807254,-1.876550165623366,-0.5768859585176629,0.3376249962819406,1.0506845568880996,1.8752854277020736,2.910070414881231,4.1898334467777625,5.4649483643003816,6.465110731527845,7.056573509827649,7.429999311843307,7.828769004747462,8.422253183980928,9.11869262840468,9.927697436515823,10.850188478697214,11.5910995157191,12.162753009060864,12.846750568920191,13.382223436015254,13.528341524427267,13.684585678621064,14.01166999408042,14.379285248968714,14.625541691618844,14.731492978651227
196.17605590820312,1.268890380859375,14.71955159842698,14.497088547472774,14.103283835026959,13.597845490419582,13.072968495644618,12.877124791725713,12.617479220209628,12.113713169856265,11.887951746499176,11.84310140267507,11.662829621665946,11.685696965317502,12.071618354818494,12.318378238554688,12.352386662831796,11.94331462320132,11.338919012261622,10.873959885573994,10.486209590214136,10.067496771630553,9.665113639277061,9.289368047242881,8.891324990763435,8.483584405901262,8.116457290025302,7.77688209179825,7.433586070743602,7.071082871780163,6.666000887895954,6.230151695647407,5.780985385106884,5.347107172589682,4.937689632416157,4.572237254588283,4.21444807705392,3.84639494805626,3.475160765250745,3.11977587655259,2.770024699411487,2.4203261721208897,2.070337314536926,1.71130895958912,1.3459307356426904,0.969862618990118,0.5765194497816066,0.1782571668839167,-0.24090530717589853,-0.68910528830664,-1.1598349325433757,-1.651404785625515,-2.1522637830960276,-2.6329536965528915,-3.0334478020577973,-3.3751429418106396,-3.6720090372607035,-3.931970802812705,-4.178967331351261,-4.459601968547846,-4.819362297174066,-5.178991416156646,-5.510571901360203,-5.8602718617464316,-6.274050596013165,-6.704762488309944,-6.995438581597767,-6.974632244327128,-6.740084559936671,-6.379936406168637,-5.854762122186602,-5.219930375948494,-4.600264559386262,-4.174336977062944,-3.789664665685392,-3.274605134665464,-2.253084311176983,-0.8217162401750873,0.430573016961596,1.4213409377984163,2.165631738496677,2.7677111640687397,3.332850915425637,4.013183136187401,4.876938330420882,5.8527087069697705,6.710819123215669,7.332030318954064,7.823909891781192,8.259595885832193,8.708312614997093,9.199777796016937,9.893258605803153,10.765511807373477,11.552585200274889,12.176731115308932,12.632869585622128,13.03971377083574,13.45866399923103,13.6923139244699,13.65986171895704,13.550988673118711
197.4449462890625,1.2685089111328125,13.457528517575492,13.270822118730834,12.979964011306599,12.694517026878763,12.437138677559101,12.188124760274105,11.78265262023363,11.444338831287082,11.378644991949505,11.560827347011532,11.903874297320348,12.304297589286879,12.558200458885645,12.462463128320564,12.116103154809368,11.661642085651597,11.187313171809741,10.699936006638817,10.222618499679092,9.782314131288654,9.372054824668314,8.94946020021775,8.518840006114816,8.10558234451844,7.70019439977529,7.294530433661555,6.885489735111596,6.428272509317109,5.9277085692356115,5.42610935215258,4.942469641107563,4.476653496822612,4.037794745789909,3.623864362491431,3.232704367358102,2.8441314196615304,2.4674157474845995,2.089737958045593,1.7140580202557665,1.3374112825776951,0.9697110194596309,0.6094482370888549,0.24963919839819299,-0.11098278621212108,-0.4711730808103938,-0.8483554096126354,-1.260377788713549,-1.7218895363139455,-2.2332209960844502,-2.777603925956467,-3.3183783200974704,-3.8243633793541956,-4.25606802734486,-4.621211141899801,-4.935872317111036,-5.262303189750722,-5.672738120256869,-6.124717899094025,-6.54798311351334,-6.967213398895616,-7.424844710728862,-7.892213932940706,-8.314080715100804,-8.518045655180783,-8.451711180913245,-8.28980907357196,-7.9146947106714265,-7.154452011739337,-6.4787185539940015,-5.984035411019783,-5.625129868236813,-5.001503360694163,-3.813929481679657,-2.4716155932922317,-1.5454173953331218,-0.9086669184655546,-0.2849056600755706,0.5181456028428159,1.6050372007704652,2.8074533403848156,4.013610114532992,5.0156963829396295,5.688330611729869,6.163887605871757,6.710242935482931,7.438608209626583,8.1613218968206,8.84287782282915,9.491520575422703,10.2248230144883,10.947828122579018,11.567033584994384,12.022141570628126,12.25486614979119,12.510681193330283,12.996624677436932,13.484189089472682,13.811229785540235,13.9630356375416,13.878354359001237
198.7134552001953,1.318695068359375,13.69901538861167,13.378624196692627,12.994599573431294,12.571230205726156,12.331412484208652,12.071418294239713,11.780102958169817,11.52197452622702,11.409229917259273,11.507947179621645,12.00802357071237,12.470672748810912,12.79425486913415,12.83714389992829,12.427363786818987,11.769604353082302,11.228585762475948,10.859328717425102,10.448270695667711,10.076286477831623,9.737995988418149,9.32021507777609,8.848766751065671,8.382408704711581,7.944914071130653,7.535444960146467,7.146203791439799,6.748980943726173,6.294970423307993,5.779002426237549,5.236855333091531,4.707837741311269,4.210682370610101,3.7559293499223143,3.3200220019920197,2.8910637740072542,2.455619578784221,2.0114788653216547,1.5718505702231473,1.1306092650600943,0.6952106493907045,0.25727794982321067,-0.18631743651360663,-0.6251845170275607,-1.0666940167741623,-1.52316115491013,-2.009544676429778,-2.5416291660043306,-3.108893170233014,-3.707219361713536,-4.279911241497987,-4.768036115581576,-5.191712573555912,-5.57276999955472,-5.923435054333566,-6.287245130868459,-6.713748148311554,-7.1607518244118555,-7.619374051825859,-8.123251546437263,-8.708025064228194,-9.344618194219734,-9.958652710972142,-10.420160174852251,-10.588947680673533,-10.509925517570984,-10.222367669186868,-9.453589561684579,-8.522348294300846,-7.817788844028157,-7.009170742523443,-6.1057887609847485,-5.210872823031373,-4.462854909803054,-3.9278466004095405,-3.2364594873212447,-2.1061525870533493,-0.6118638328364601,0.9930681016581636,2.513185576387707,3.6165375751915794,4.242596051047926,4.77016327858237,5.4183430140463855,6.26510922341469,7.309523130275251,8.342902484035983,9.205892833284109,9.812947751452548,10.290516899110424,10.760731696637164,11.193409424714053,11.66017360055607,12.08868471435524,12.369966858985025,12.677391635824605,13.177702583636426,13.65508436014394,13.975346968926893,14.115305895283521
200.0321502685547,1.268096923828125,14.028661167986572,13.664671854510305,13.168551250671516,12.714672075540019,12.336613005243226,12.276431632416987,12.24132840427132,11.801495179694573,11.398934195681822,11.141372031992415,11.071461774952784,11.348831743295188,11.87640805029577,12.34723581216951,12.373207003333215,11.984211916232294,11.452199297698549,10.999849138278888,10.498581207775262,9.986597487943781,9.50586400633173,9.014016857869475,8.496383452504851,7.99112528442439,7.5246685628177445,7.116987742951997,6.765038578019346,6.443929497097057,6.067488013326905,5.631289890603647,5.170513470646643,4.692714562413935,4.2477454241688495,3.844129400267324,3.467468780306484,3.0760773808161685,2.672656865536959,2.2695938717502564,1.889815605444361,1.536978373288205,1.178937337751949,0.814962201761511,0.44322862664518287,0.08150728758853243,-0.2712434952364749,-0.6360882070264023,-1.028852812635848,-1.4480219466331254,-1.894626977357534,-2.3676969029786004,-2.8431326592032846,-3.2819368112481397,-3.6630894481307066,-4.002902009144055,-4.295327368759615,-4.581686557637498,-4.900120180062356,-5.277068752060698,-5.701403505212601,-6.140784789514171,-6.58752488214581,-7.060046106028499,-7.582272990000345,-8.078138962894617,-8.401509721616357,-8.477806292462262,-8.342680153549225,-8.046514421744138,-7.416457546651638,-6.6429562671578575,-5.802344337287601,-5.006941160810555,-3.9756884461847672,-2.6757452286934127,-1.3999181291159328,-0.5234826291730184,0.15670189540809965,0.8787113337620894,1.728508924053294,2.6847886449752947,3.660523769360902,4.5989106007778675,5.404764089442468,6.0779147924697385,6.771686503024116,7.5602080557884905,8.381072136051342,9.282899384746186,10.026166725026938,10.35901630185587,10.619023707018002,11.137161037177766,11.769170634099517,12.421675040363022,12.936400192565332,13.238511597694984,13.38301134008309,13.49665808936078,13.499429950043275,13.417216509101822
205.10604858398438,1.348602294921875,17.11701879874357,16.853396318566634,16.498095537339893,16.167942536094316,15.82207096578149,15.370649237519203,15.330020107353626,15.624006709993765,15.930095235737033,16.271624402239915,16.63578481191855,16.780147240276666,16.604706686449244,16.18789235317842,15.603854715315702,14.934407007873892,14.318849364303983,13.83046427553857,13.418738859338054,12.976412765997642,12.523700188623646,12.060575819363168,11.601448600956147,11.157196639694346,10.730910782375926,10.31084982091361,9.89388356065903,9.472865535781459,9.058348325971261,8.64168204989763,8.246261308652363,7.8575004992573385,7.460455824121047,7.0509991746149305,6.639135055763496,6.256084227182786,5.895638646500812,5.558344958209812,5.23203324435577,4.902224810021004,4.553315588285265,4.182771194463297,3.764259190284842,3.298800917352983,2.801244919694665,2.302845174710283,1.8095551420089628,1.3180906959837757,0.8268582275307277,0.33239179055800144,-0.13253980771179852,-0.5810791345899269,-0.9869316899048997,-1.3416553734487913,-1.694771072609202,-2.097356961371968,-2.5003187931016977,-2.8926872999595914,-3.3255434309912615,-3.7694666635430507,-4.1271244335220265,-4.349422422775696,-4.330322087670767,-4.113777870573659,-3.699913465395182,-3.2317094293582804,-2.668810043371476,-2.0597905704618173,-1.4520809946536475,-0.8936577349186207,-0.5360180419327686,-0.31405591515613895,0.4080188090276967,1.4686288027649863,2.639958301583483,3.744422927901874,4.723875974586667,5.5001736813086906,6.122015298293568,6.985872507393694,8.314641590503266,10.02945668063512,11.759138993434195,12.809962720035111,13.050240420650258,12.791598459925204,12.433087378793084,12.234230793707537,12.197499240449888,12.291815901576044,12.523285955934368,12.856111578406972,13.274458278927712,13.814581904040628,14.555192099568227,15.507354227689211,16.241729619507325,16.566133955163338,16.611089383194262,16.393521572419033
206.45465087890625,1.3385009765625,16.033001361433264,15.761586458070095,15.662980036812598,15.400320483700328,14.892004993919954,14.357292543255136,13.966201098136493,13.795260180085162,13.812321437301385,13.691986525222127,13.333470185727714,13.22479487805947,13.523560980308714,13.712479897574928,13.563665474259082,13.193317352029073,12.734990928108555,12.243984171510046,11.757242665855259,11.358151770388005,11.060210668911594,10.815576922680824,10.561115824877982,10.264747339471803,9.899114027217399,9.470634082030257,8.988440540687423,8.496104027462776,8.018235793310298,7.4713655946816075,7.022371246886987,6.5759728122751975,6.0624051965179735,5.590182391783016,5.200702174182686,4.85574906882777,4.482987640257914,4.106129328332973,3.707748961357236,3.295269292058273,2.8830518499992004,2.4703278545938314,2.061453389009462,1.659903084221793,1.2563382726697951,0.8375864852208336,0.3913934050067365,-0.07861435306029409,-0.5951006157561705,-1.1327446028614228,-1.7030465188816337,-2.251578062559916,-2.725001914184957,-3.1493754480291076,-3.509714280515965,-3.837440546876582,-4.18849178069752,-4.609662077391462,-5.0632647696298285,-5.552119112917412,-6.038342524150423,-6.505355923784212,-6.916946117733591,-7.216708114797353,-7.262537126101632,-7.026302873230299,-6.782956235613414,-6.353433012812118,-5.63670784282419,-4.9784757755815745,-4.380042737754897,-3.551614596657672,-2.674029399181208,-2.0903860968310743,-1.6382186887931032,-0.8070528590147946,0.39673767189184234,1.823954910343648,3.214383706152626,4.3045505098646775,4.864229412219827,5.1240064999964945,5.400762626083169,5.971172326979926,6.821375583724723,7.835504567038488,8.891835048028558,9.944223907182945,10.949787126535945,11.665225726413,12.21878497799104,12.989738819449709,13.852332187028074,14.57305008735138,15.021505065989343,15.332433486695294,15.546491776666056,15.826961232490632,15.95135193162595,15.906059663552996
207.79315185546875,1.30810546875,15.734732689064993,15.521777228547737,15.326863346408203,15.075314205019566,14.802474222362402,14.47590394524599,13.911401949346926,13.388921717214798,13.093110734965904,12.919656604946052,13.103846751836766,13.601806730360448,14.084113388658864,14.230139916764035,14.02548106352471,13.504515833684314,12.906047097068543,12.258915093284406,11.698706283898915,11.283667148057571,10.919065268759676,10.508947860450412,10.069909928546828,9.61376176608372,9.118683188527175,8.592436434632496,8.071156687138446,7.547738253593654,7.0097580696800526,6.470170794651417,5.965756323175617,5.488099746433003,5.0414016093027,4.627180388703005,4.224807978633572,3.838578502948923,3.461145533522318,3.082757815487259,2.71758262589173,2.335284115822857,1.9542508132968979,1.5739012915890074,1.1868464450252836,0.7998596741797517,0.4030142447993246,-0.031675404547004085,-0.4955339447359933,-0.9929083076358279,-1.5121593056149294,-2.0348862953269844,-2.5407458812583,-3.0073601449318077,-3.4264825967943535,-3.7754349371497584,-4.061298993272455,-4.320852558529849,-4.648020305134527,-5.0443765757458365,-5.437653703719574,-5.785700085558597,-6.107882570046306,-6.425313332983942,-6.659454559353721,-6.602195939208584,-6.2898646238228,-5.9044278110059425,-5.3589497737841185,-4.672892455889399,-3.964310915278602,-3.2262411319551325,-2.5024876906279445,-1.770476964029711,-0.688522003983094,0.5302889088822935,1.2315712911111212,1.4212260361002422,1.585373601863222,2.181280554911332,3.1847773616163533,4.382731451693233,5.279946455365734,5.704480172988615,5.86632587641188,6.129363837637405,6.596087391877072,7.330821863920438,8.295720194567433,9.497419537050321,10.552115123550804,11.22059078930404,11.921725787083675,12.745201929046623,13.405281402769305,13.795578327058696,13.896460223006141,13.935482481514095,14.044106264229477,14.230185995299792,14.322911660727645,14.315740654825639
209.10125732421875,1.31878662109375,14.243788940241512,14.125290470666974,13.931668010723572,13.617602544736052,13.211550278025717,12.902097948030532,12.416829818916588,11.931219838990936,11.821397342078155,11.904596323006103,11.876264880386957,12.152391298833443,12.839237371344725,13.318414258391767,13.295735097309873,12.887458025643138,12.291567614229937,11.694581673548855,11.15210250674237,10.70300788596613,10.41269486879189,10.213034420999392,10.012151742021105,9.72327295699535,9.337344344744903,8.89088132167847,8.39749075199197,7.893866726752534,7.386029606639661,6.8633968146513,6.35887412442606,5.872686871098743,5.393005851626974,4.950279055771457,4.532358338671923,4.136158315270656,3.740946144862314,3.3239144160879577,2.8862301131560795,2.4320533097136887,1.9665634033975792,1.5088118141441045,1.0651495994576625,0.6378644488979894,0.22055447356340754,-0.1928671019623885,-0.6258774051952378,-1.1129018041607202,-1.6599734683732332,-2.250560490207964,-2.848513364876416,-3.42891457581056,-3.978884002799478,-4.51552797652288,-5.053442470935399,-5.610890047811316,-6.180193201634588,-6.772497070846271,-7.412898806655059,-8.104233304022182,-8.807160925912225,-9.437932039293306,-10.00622277241328,-10.50081125982986,-10.890756060208581,-11.092106770229346,-11.022674843048051,-10.618343176844304,-9.815613892568118,-8.932469321824424,-8.307698499963593,-7.722361470362377,-6.9855393571170925,-6.333845676924578,-5.80245701678152,-5.01142788560863,-3.5937560343833304,-1.616915327836213,0.5587332710791278,2.606557972972679,4.128533317532142,5.093579624566603,5.807788466774062,6.523027918108434,7.411509217116672,8.327373081594297,9.094304166839166,9.635218619577453,10.081524286855096,10.47829813243248,10.811627541505237,11.208135376057857,11.730614228429149,12.176939947015917,12.463897170542175,12.75491396634382,13.073496392054814,13.418114341374803,13.632439250278242,13.598956295941568
210.4200439453125,1.3480072021484375,13.528222125066652,13.358125066886,13.176811420557526,12.923416027217126,12.673152544224012,12.40651881467524,12.055937701006691,11.73117037674875,11.365828855074062,10.992198892278859,10.888532167682994,11.28125688379459,11.681735280146132,11.794148669421325,11.412850402024835,10.726011696526658,10.085012029657651,9.689444818347717,9.34186347769286,9.046131231746582,8.774598098398508,8.418556197000035,8.007224998218815,7.626735935904863,7.279252604035125,6.952547268786762,6.604301622193587,6.203828836530101,5.752047055151598,5.27177871808605,4.821432992592964,4.423085624533408,4.044838268085237,3.6724764668803367,3.29529123847797,2.917324526373707,2.538454208261251,2.144980878031411,1.7400460570727352,1.3220077449767222,0.9004319632731705,0.4674701795102083,0.03385652420349966,-0.40268791232868667,-0.8393398537727871,-1.285893075682992,-1.7592049259978357,-2.274461965711526,-2.8141236730631265,-3.380504258737438,-3.935196711529798,-4.435759527791622,-4.8665708044167975,-5.214815543664811,-5.49246404672079,-5.795364330038632,-6.172757490382794,-6.572966629884143,-6.951712781245427,-7.3287506038134484,-7.789320238317209,-8.345936985898444,-8.941783132980047,-9.432030165475274,-9.670024542551666,-9.675181686420414,-9.366183700649609,-8.566499350505598,-7.607128357826237,-6.619189499565944,-5.618717415477535,-4.608772352062477,-3.5506049543406255,-2.698592943026232,-2.1678338181575336,-1.5397974100493745,-0.5561620555223167,0.6760544891364257,1.844242960844135,2.6966541097287267,3.2013931209662805,3.6478252523071406,4.401903625138257,5.426322319649823,6.502685230285441,7.659024556679724,8.891660501763015,10.760818793424093,12.704882214292525,13.560497866059132,14.13860544014713,14.811881094608855,15.621848304568093,16.37293258542482,16.755051474828228,16.728167260501714,16.425473301779913,15.930064787969782,15.41819289056897,14.986868051890117
211.76805114746094,1.4087982177734375,14.760429140563039,14.471033055933262,14.07767072428607,13.570830108353436,13.141396476298388,12.578436427727423,11.971705680503023,11.790098664918162,11.95938214321122,12.469413202827798,12.990284295049658,13.510412856457059,13.809777730177206,13.832099469018141,13.52302050633941,12.815365166252647,12.047982358964815,11.266886585743416,10.619315134326115,10.116375959851206,9.707214595692239,9.325070923837307,8.9108863972952,8.480989704743214,8.053509254702833,7.631009859710395,7.1871812622406415,6.687919514850703,6.178818539142777,5.692403106604406,5.237237900598451,4.822767795995405,4.435384274425934,4.048802435103935,3.6646802828123444,3.294312699195021,2.92776146269904,2.5722270430109773,2.2268095221885176,1.874507571020196,1.507603493380741,1.135372934620563,0.7556372257733991,0.3560354076040968,-0.07226991002741918,-0.5181730921712836,-0.9738447028075295,-1.437123691186033,-1.9073580095122522,-2.374568011823779,-2.81395772949136,-3.2181614803843295,-3.58698685082976,-3.9125886604996998,-4.190617679420449,-4.458487057347349,-4.764885652045965,-5.106466716313409,-5.458696666438783,-5.861486712031842,-6.325867516526561,-6.807810560090345,-7.250715831205356,-7.54656795699526,-7.693070985418775,-7.708223305750111,-7.37274946060382,-6.629791299510042,-5.8274733795978335,-5.256077432431777,-4.693441043082504,-3.9358129417184977,-2.95825728848278,-2.1659977657120777,-1.8269318290964158,-1.453863020264849,-0.6966979362767276,0.49642539601763347,1.8806761232744416,3.2258247655526473,3.9515134240117193,4.190151282614896,4.280513780107056,4.614584042854898,5.232388823621296,6.030284429621798,7.028341652685894,8.113170599689074,8.920844178828515,9.45119523914174,10.100715290267166,10.786221912721661,11.29338436906862,11.599855059996163,11.788266223959857,11.93842663325546,12.10609797545181,12.284503882120102,12.405114465414592,12.411174800244952
213.17684936523438,1.50799560546875,12.365303476718275,12.233540683440197,12.000270656195134,11.680923853375582,11.311454913214556,10.93459062158322,10.637862836159302,10.40748462267247,10.181030565715904,10.241754493857586,10.56030099160428,10.813964018274282,10.678580973287053,10.13961139755565,9.473162130277291,8.947393726046803,8.523098357757673,8.155616934023572,7.898929409714635,7.681877800296421,7.417609979622722,7.156439499958849,6.92434545710769,6.688941577081427,6.409407376550904,6.0865257254179275,5.739059968768477,5.358872749512047,4.968186888323583,4.598695110416981,4.2664353819863265,3.9425364207976856,3.609200004651046,3.2780996632390367,2.959275786888849,2.6429038593880274,2.329074696051331,1.9980825834434137,1.6531086074637058,1.2984351108859389,0.9527235302462329,0.6013523833674901,0.22981664899156662,-0.15172319248432653,-0.5519124328258577,-0.9754375508301341,-1.4184730585830494,-1.8675149893741279,-2.2798836284016617,-2.6336248106215354,-2.9375518355879566,-3.161136476231851,-3.325255305617486,-3.4803583781125824,-3.6475252145143937,-3.858418644192261,-4.097591263489257,-4.326750306811258,-4.536706077191373,-4.675573348921187,-4.73754423792988,-4.762109929422111,-4.737716713809676,-4.652623886969563,-4.510528849991196,-4.1372068299671945,-3.4532590505603533,-2.685731716670556,-2.092270760513872,-1.6107687877629868,-1.2549057965894173,-0.9277708705511505,-0.4777672412781283,0.09811725018364793,0.5156161124594857,0.6726876469884354,0.8304175310517806,1.1466888482125206,1.6444360687546444,2.228514963678335,2.6934908576618786,2.890506330835675,3.0571486004857724,3.467677539747804,4.143886285119454,5.112133805962913,6.279398528530507,7.405517535204222,8.095669713741088,8.539556376717721,8.939824455998227,9.280052343821328,9.53771959523835,9.679376836603153,9.86453225348677,10.130492282404635,10.418614464430732,10.697751655131665,10.850031815511942,10.82117261725487
